# of Epoch,# of Aggregation Epoch,Min. Aggregation Epoch,Max Aggregation Epoch,# of Push Mess.,# of Pull-Push Mess.,# of Pull Mess.,# of Outcome=FIRST,# of Outcomes=DOUBLE,# of Outcomes=REPLACE,# of Outcomes=UNSUCCESSFUL,AMD Counter,SMA Counter,DMA Counter,AMS Counter,AMD F.P. Prob.,SMA F.P. Prob.,DMA F.P. Prob.,AMS F.P. Prob.,Avegare (Estimated),Sum (Estimated),Sum Square (Estimated),Max (Estimated),Min (Estimated),Stand. Deviation (Estimated),Count (Estimated),Avegare (Actual),Sum (Actual),Sum Square (Actual),Max (Actual),Min (Actual),Stand. Deviation (Actual),Count (Actual)
1.440062836E9,NaN,NaN,NaN,0.0,0.0,0.0,0.0,0.0,0.0,0.0,NaN,NaN,NaN,NaN,NaN,NaN,NaN,NaN,0.0,0.0,0.0,0.0,0.0,0.0,0.0,0.8511197287827295,9.362317016610024,7.988299294453789,0.914083528546844,0.7709174773147145,0.04247627626498537,11.0
1.440062837E9,NaN,NaN,NaN,0.0,0.0,0.0,0.0,0.0,0.0,0.0,NaN,NaN,NaN,NaN,NaN,NaN,NaN,NaN,0.0,0.0,0.0,0.0,0.0,0.0,0.0,0.8511197287827295,9.362317016610024,7.988299294453789,0.914083528546844,0.7709174773147145,0.04247627626498537,11.0
1.440062838E9,NaN,NaN,NaN,0.0,0.0,0.0,0.0,0.0,0.0,0.0,NaN,NaN,NaN,NaN,NaN,NaN,NaN,NaN,0.0,0.0,0.0,0.0,0.0,0.0,0.0,0.8511197287827295,9.362317016610024,7.988299294453789,0.914083528546844,0.7709174773147145,0.04247627626498537,11.0
1.440062839E9,NaN,NaN,NaN,0.0,0.0,0.0,0.0,0.0,0.0,0.0,NaN,NaN,NaN,NaN,NaN,NaN,NaN,NaN,0.0,0.0,0.0,0.0,0.0,0.0,0.0,0.8511197287827295,9.362317016610024,7.988299294453789,0.914083528546844,0.7709174773147145,0.04247627626498537,11.0
1.44006284E9,NaN,NaN,NaN,0.0,0.0,0.0,0.0,0.0,0.0,0.0,NaN,NaN,NaN,NaN,NaN,NaN,NaN,NaN,0.0,0.0,0.0,0.0,0.0,0.0,0.0,0.8511197287827295,9.362317016610024,7.988299294453789,0.914083528546844,0.7709174773147145,0.04247627626498537,11.0
1.440062841E9,NaN,NaN,NaN,0.0,0.0,0.0,0.0,0.0,0.0,0.0,NaN,NaN,NaN,NaN,NaN,NaN,NaN,NaN,0.0,0.0,0.0,0.0,0.0,0.0,0.0,0.8511197287827295,9.362317016610024,7.988299294453789,0.914083528546844,0.7709174773147145,0.04247627626498537,11.0
1.440062842E9,NaN,NaN,NaN,0.0,0.0,0.0,0.0,0.0,0.0,0.0,NaN,NaN,NaN,NaN,NaN,NaN,NaN,NaN,0.0,0.0,0.0,0.0,0.0,0.0,0.0,0.8511197287827295,9.362317016610024,7.988299294453789,0.914083528546844,0.7709174773147145,0.04247627626498537,11.0
1.440062843E9,NaN,NaN,NaN,0.0,0.0,0.0,0.0,0.0,0.0,0.0,NaN,NaN,NaN,NaN,NaN,NaN,NaN,NaN,0.0,0.0,0.0,0.0,0.0,0.0,0.0,0.8511197287827295,9.362317016610024,7.988299294453789,0.914083528546844,0.7709174773147145,0.04247627626498537,11.0
1.440062844E9,NaN,NaN,NaN,0.0,0.0,0.0,0.0,0.0,0.0,0.0,NaN,NaN,NaN,NaN,NaN,NaN,NaN,NaN,0.0,0.0,0.0,0.0,0.0,0.0,0.0,0.8511197287827295,9.362317016610024,7.988299294453789,0.914083528546844,0.7709174773147145,0.04247627626498537,11.0
1.440062845E9,NaN,NaN,NaN,0.0,0.0,0.0,0.0,0.0,0.0,0.0,NaN,NaN,NaN,NaN,NaN,NaN,NaN,NaN,0.0,0.0,0.0,0.0,0.0,0.0,0.0,0.8511197287827295,9.362317016610024,7.988299294453789,0.914083528546844,0.7709174773147145,0.04247627626498537,11.0
1.440062846E9,NaN,NaN,NaN,0.0,0.0,0.0,0.0,0.0,0.0,0.0,NaN,NaN,NaN,NaN,NaN,NaN,NaN,NaN,0.0,0.0,0.0,0.0,0.0,0.0,0.0,0.8511197287827295,9.362317016610024,7.988299294453789,0.914083528546844,0.7709174773147145,0.04247627626498537,11.0
1.440062847E9,NaN,NaN,NaN,0.0,0.0,0.0,0.0,0.0,0.0,0.0,NaN,NaN,NaN,NaN,NaN,NaN,NaN,NaN,0.0,0.0,0.0,0.0,0.0,0.0,0.0,0.8511197287827295,9.362317016610024,7.988299294453789,0.914083528546844,0.7709174773147145,0.04247627626498537,11.0
1.440062848E9,0.0,0.0,0.0,0.0,0.0,0.0,0.0,0.0,0.0,0.0,1.0,1.0,1.0,0.2,3.370101675552103E-83,3.370101675552103E-83,3.370101675552103E-83,6.740203351104207E-84,0.08309850259516764,0.08309850259516764,0.07595897246914991,0.08309850259516764,0.08309850259516764,0.0,0.09090909090909091,0.8511197287827295,9.362317016610024,7.988299294453789,0.914083528546844,0.7709174773147145,0.04247627626498537,11.0
1.440062849E9,0.0,0.0,0.0,5.0,0.0,0.0,0.0,0.0,0.0,0.0,1.0,1.0,1.0,0.2,3.370101675552103E-83,3.370101675552103E-83,3.370101675552103E-83,6.740203351104207E-84,0.08309850259516764,0.08309850259516764,0.07595897246914991,0.08309850259516764,0.08309850259516764,0.0,0.09090909090909091,0.8511197287827295,9.362317016610024,7.988299294453789,0.914083528546844,0.7709174773147145,0.04247627626498537,11.0
1.44006285E9,0.0,0.0,0.0,5.0,0.0,0.0,0.0,0.0,0.0,0.0,1.0,1.0,1.0,0.2,3.370101675552103E-83,3.370101675552103E-83,3.370101675552103E-83,6.740203351104207E-84,0.15608374234268824,0.15608374234268824,0.1345542699001836,0.15608374234268824,0.15608374234268824,0.0,0.18181818181818182,0.8511197287827295,9.362317016610024,7.988299294453789,0.914083528546844,0.7709174773147145,0.04247627626498537,11.0
1.440062851E9,0.0,0.0,0.0,15.0,0.0,8.0,8.0,0.0,0.0,0.0,1.8888888888888888,1.8888888888888888,1.8888888888888888,0.3777777777777779,2.193067835903445E-67,2.0968909670595405E-72,2.0968909670595405E-72,4.38613567180689E-68,0.7026703293112033,1.3208563166138345,1.131166758689086,0.7173244330008575,0.6882148607258535,0.01274793717619596,1.5454545454545454,0.8511197287827295,9.362317016610024,7.988299294453789,0.914083528546844,0.7709174773147145,0.04247627626498537,11.0
1.440062852E9,0.0,0.0,0.0,30.0,0.0,28.0,28.0,0.0,0.0,0.0,4.2727272727272725,4.2727272727272725,4.2727272727272725,0.8545454545454544,2.6403131610770885E-61,1.4921961529371955E-65,1.4921961529371955E-65,5.280626322154177E-62,0.8511401135494722,3.6328983554991026,3.0960491328312227,0.906867383359672,0.804168710437268,0.03838641056367467,4.2727272727272725,0.8511197287827295,9.362317016610024,7.988299294453789,0.914083528546844,0.7709174773147145,0.04247627626498537,11.0
1.440062853E9,0.0,0.0,0.0,47.0,0.0,47.0,47.0,0.0,0.0,0.0,8.545454545454545,8.545454545454545,8.545454545454545,1.6909090909090911,1.272365443084144E-59,3.0324260628883807E-59,3.0324260628883807E-59,2.0029274822783715E-60,0.8538141770465489,7.295447131068306,6.243247325938925,0.9139590817636122,0.7854266409092655,0.041274464069815324,8.545454545454545,0.8511197287827295,9.362317016610024,7.988299294453789,0.914083528546844,0.7709174773147145,0.04247627626498537,11.0
1.440062854E9,0.0,0.0,0.0,18.0,0.0,12.0,12.0,0.0,0.0,0.0,9.636363636363637,9.636363636363637,9.636363636363637,1.9090909090909092,9.912755456543891E-59,6.801045211248781E-59,6.801045211248781E-59,1.463851147691368E-59,0.8547480553896132,8.236251294954583,7.054928033232122,0.9139590817636122,0.7854266409092655,0.03933398421450143,9.636363636363637,0.8511197287827295,9.362317016610024,7.988299294453789,0.914083528546844,0.7709174773147145,0.04247627626498537,11.0
1.440062855E9,0.0,0.0,0.0,9.0,0.0,15.0,13.0,2.0,0.0,0.0,10.818181818181818,10.818181818181818,10.818181818181818,2.145454545454545,2.65809534495279E-58,2.65809534495279E-58,2.65809534495279E-58,4.7974907462881684E-59,0.8509193547323476,9.205564234509346,7.85315174427119,0.914083528546844,0.7709174773147146,0.042820103408618304,10.818181818181818,0.8511197287827295,9.362317016610024,7.988299294453789,0.914083528546844,0.7709174773147145,0.04247627626498537,11.0
1.440062856E9,0.0,0.0,0.0,2.0,0.0,2.0,2.0,0.0,0.0,0.0,11.0,11.0,11.0,2.1818181818181817,3.1767952885702006E-58,3.1767952885702006E-58,3.1767952885702006E-58,5.8348906335229885E-59,0.8511197287827291,9.362317016610023,7.988299294453788,0.914083528546844,0.7709174773147146,0.04247627626498619,11.0,0.8511197287827295,9.362317016610024,7.988299294453789,0.914083528546844,0.7709174773147145,0.04247627626498537,11.0
1.440062857E9,0.0,0.0,0.0,0.0,0.0,0.0,0.0,0.0,0.0,0.0,11.0,11.0,11.0,2.1818181818181817,3.1767952885702006E-58,3.1767952885702006E-58,3.1767952885702006E-58,5.8348906335229885E-59,0.8511197287827291,9.362317016610023,7.988299294453788,0.914083528546844,0.7709174773147146,0.04247627626498619,11.0,0.8511197287827295,9.362317016610024,7.988299294453789,0.914083528546844,0.7709174773147145,0.04247627626498537,11.0
1.440062858E9,0.0,0.0,0.0,0.0,0.0,0.0,0.0,0.0,0.0,0.0,11.0,11.0,11.0,2.1818181818181817,3.1767952885702006E-58,3.1767952885702006E-58,3.1767952885702006E-58,5.8348906335229885E-59,0.8511197287827291,9.362317016610023,7.988299294453788,0.914083528546844,0.7709174773147146,0.04247627626498619,11.0,0.8511197287827295,9.362317016610024,7.988299294453789,0.914083528546844,0.7709174773147145,0.04247627626498537,11.0
1.440062859E9,0.0,0.0,0.0,0.0,0.0,0.0,0.0,0.0,0.0,0.0,11.0,11.0,11.0,2.1818181818181817,3.1767952885702006E-58,3.1767952885702006E-58,3.1767952885702006E-58,5.8348906335229885E-59,0.8511197287827291,9.362317016610023,7.988299294453788,0.914083528546844,0.7709174773147146,0.04247627626498619,11.0,0.8511197287827295,9.362317016610024,7.988299294453789,0.914083528546844,0.7709174773147145,0.04247627626498537,11.0
1.44006286E9,0.0,0.0,0.0,0.0,0.0,0.0,0.0,0.0,0.0,0.0,11.0,11.0,11.0,2.1818181818181817,3.1767952885702006E-58,3.1767952885702006E-58,3.1767952885702006E-58,5.8348906335229885E-59,0.8511197287827291,9.362317016610023,7.988299294453788,0.914083528546844,0.7709174773147146,0.04247627626498619,11.0,0.8511197287827295,9.362317016610024,7.988299294453789,0.914083528546844,0.7709174773147145,0.04247627626498537,11.0
1.440062861E9,0.0,0.0,0.0,0.0,0.0,0.0,0.0,0.0,0.0,0.0,11.0,11.0,11.0,2.1818181818181817,3.1767952885702006E-58,3.1767952885702006E-58,3.1767952885702006E-58,5.8348906335229885E-59,0.8511197287827291,9.362317016610023,7.988299294453788,0.914083528546844,0.7709174773147146,0.04247627626498619,11.0,0.8511197287827295,9.362317016610024,7.988299294453789,0.914083528546844,0.7709174773147145,0.04247627626498537,11.0
1.440062862E9,0.0,0.0,0.0,0.0,0.0,0.0,0.0,0.0,0.0,0.0,11.0,11.0,11.0,2.1818181818181817,3.1767952885702006E-58,3.1767952885702006E-58,3.1767952885702006E-58,5.8348906335229885E-59,0.8511197287827291,9.362317016610023,7.988299294453788,0.914083528546844,0.7709174773147146,0.04247627626498619,11.0,0.8511197287827295,9.362317016610024,7.988299294453789,0.914083528546844,0.7709174773147145,0.04247627626498537,11.0
1.440062863E9,0.0,0.0,0.0,0.0,0.0,0.0,0.0,0.0,0.0,0.0,11.0,11.0,11.0,2.1818181818181817,3.1767952885702006E-58,3.1767952885702006E-58,3.1767952885702006E-58,5.8348906335229885E-59,0.8511197287827291,9.362317016610023,7.988299294453788,0.914083528546844,0.7709174773147146,0.04247627626498619,11.0,0.8511197287827295,9.362317016610024,7.988299294453789,0.914083528546844,0.7709174773147145,0.04247627626498537,11.0
1.440062864E9,0.0,0.0,0.0,0.0,0.0,0.0,0.0,0.0,0.0,0.0,11.0,11.0,11.0,2.1818181818181817,3.1767952885702006E-58,3.1767952885702006E-58,3.1767952885702006E-58,5.8348906335229885E-59,0.8511197287827291,9.362317016610023,7.988299294453788,0.914083528546844,0.7709174773147146,0.04247627626498619,11.0,0.8511197287827295,9.362317016610024,7.988299294453789,0.914083528546844,0.7709174773147145,0.04247627626498537,11.0
1.440062865E9,0.0,0.0,0.0,0.0,0.0,0.0,0.0,0.0,0.0,0.0,11.0,11.0,11.0,2.1818181818181817,3.1767952885702006E-58,3.1767952885702006E-58,3.1767952885702006E-58,5.8348906335229885E-59,0.8511197287827291,9.362317016610023,7.988299294453788,0.914083528546844,0.7709174773147146,0.04247627626498619,11.0,0.8511197287827295,9.362317016610024,7.988299294453789,0.914083528546844,0.7709174773147145,0.04247627626498537,11.0
1.440062866E9,0.0,0.0,0.0,0.0,0.0,0.0,0.0,0.0,0.0,0.0,11.0,11.0,11.0,2.1818181818181817,3.1767952885702006E-58,3.1767952885702006E-58,3.1767952885702006E-58,5.8348906335229885E-59,0.8511197287827291,9.362317016610023,7.988299294453788,0.914083528546844,0.7709174773147146,0.04247627626498619,11.0,0.8511197287827295,9.362317016610024,7.988299294453789,0.914083528546844,0.7709174773147145,0.04247627626498537,11.0
1.440062867E9,0.0,0.0,0.0,0.0,0.0,0.0,0.0,0.0,0.0,0.0,11.0,11.0,11.0,2.1818181818181817,3.1767952885702006E-58,3.1767952885702006E-58,3.1767952885702006E-58,5.8348906335229885E-59,0.8511197287827291,9.362317016610023,7.988299294453788,0.914083528546844,0.7709174773147146,0.04247627626498619,11.0,0.8511197287827295,9.362317016610024,7.988299294453789,0.914083528546844,0.7709174773147145,0.04247627626498537,11.0
1.440062868E9,0.0,0.0,0.0,0.0,0.0,0.0,0.0,0.0,0.0,0.0,11.0,11.0,11.0,2.1818181818181817,3.1767952885702006E-58,3.1767952885702006E-58,3.1767952885702006E-58,5.8348906335229885E-59,0.8511197287827291,9.362317016610023,7.988299294453788,0.914083528546844,0.7709174773147146,0.04247627626498619,11.0,0.8511197287827295,9.362317016610024,7.988299294453789,0.914083528546844,0.7709174773147145,0.04247627626498537,11.0
1.440062869E9,0.0,0.0,0.0,0.0,0.0,0.0,0.0,0.0,0.0,0.0,11.0,11.0,11.0,2.1818181818181817,3.1767952885702006E-58,3.1767952885702006E-58,3.1767952885702006E-58,5.8348906335229885E-59,0.8511197287827291,9.362317016610023,7.988299294453788,0.914083528546844,0.7709174773147146,0.04247627626498619,11.0,0.8511197287827295,9.362317016610024,7.988299294453789,0.914083528546844,0.7709174773147145,0.04247627626498537,11.0
1.44006287E9,0.0,0.0,0.0,0.0,0.0,0.0,0.0,0.0,0.0,0.0,11.0,11.0,11.0,2.1818181818181817,3.1767952885702006E-58,3.1767952885702006E-58,3.1767952885702006E-58,5.8348906335229885E-59,0.8511197287827291,9.362317016610023,7.988299294453788,0.914083528546844,0.7709174773147146,0.04247627626498619,11.0,0.8511197287827295,9.362317016610024,7.988299294453789,0.914083528546844,0.7709174773147145,0.04247627626498537,11.0
1.440062871E9,0.0,0.0,0.0,0.0,0.0,0.0,0.0,0.0,0.0,0.0,11.0,11.0,11.0,2.1818181818181817,3.1767952885702006E-58,3.1767952885702006E-58,3.1767952885702006E-58,5.8348906335229885E-59,0.8511197287827291,9.362317016610023,7.988299294453788,0.914083528546844,0.7709174773147146,0.04247627626498619,11.0,0.8511197287827295,9.362317016610024,7.988299294453789,0.914083528546844,0.7709174773147145,0.04247627626498537,11.0
1.440062872E9,0.0,0.0,0.0,0.0,0.0,0.0,0.0,0.0,0.0,0.0,11.0,11.0,11.0,2.1818181818181817,3.1767952885702006E-58,3.1767952885702006E-58,3.1767952885702006E-58,5.8348906335229885E-59,0.8511197287827291,9.362317016610023,7.988299294453788,0.914083528546844,0.7709174773147146,0.04247627626498619,11.0,0.8511197287827295,9.362317016610024,7.988299294453789,0.914083528546844,0.7709174773147145,0.04247627626498537,11.0
1.440062873E9,0.0,0.0,0.0,0.0,0.0,0.0,0.0,0.0,0.0,0.0,11.0,11.0,11.0,2.1818181818181817,3.1767952885702006E-58,3.1767952885702006E-58,3.1767952885702006E-58,5.8348906335229885E-59,0.8511197287827291,9.362317016610023,7.988299294453788,0.914083528546844,0.7709174773147146,0.04247627626498619,11.0,0.8511197287827295,9.362317016610024,7.988299294453789,0.914083528546844,0.7709174773147145,0.04247627626498537,11.0
1.440062874E9,0.0,0.0,0.0,0.0,0.0,0.0,0.0,0.0,0.0,0.0,11.0,11.0,11.0,2.1818181818181817,3.1767952885702006E-58,3.1767952885702006E-58,3.1767952885702006E-58,5.8348906335229885E-59,0.8511197287827291,9.362317016610023,7.988299294453788,0.914083528546844,0.7709174773147146,0.04247627626498619,11.0,0.8511197287827295,9.362317016610024,7.988299294453789,0.914083528546844,0.7709174773147145,0.04247627626498537,11.0
1.440062875E9,0.0,0.0,0.0,0.0,0.0,0.0,0.0,0.0,0.0,0.0,11.0,11.0,11.0,2.1818181818181817,3.1767952885702006E-58,3.1767952885702006E-58,3.1767952885702006E-58,5.8348906335229885E-59,0.8511197287827291,9.362317016610023,7.988299294453788,0.914083528546844,0.7709174773147146,0.04247627626498619,11.0,0.8511197287827295,9.362317016610024,7.988299294453789,0.914083528546844,0.7709174773147145,0.04247627626498537,11.0
1.440062876E9,0.0,0.0,0.0,0.0,0.0,0.0,0.0,0.0,0.0,0.0,11.0,11.0,11.0,2.1818181818181817,3.1767952885702006E-58,3.1767952885702006E-58,3.1767952885702006E-58,5.8348906335229885E-59,0.8511197287827291,9.362317016610023,7.988299294453788,0.914083528546844,0.7709174773147146,0.04247627626498619,11.0,0.8511197287827295,9.362317016610024,7.988299294453789,0.914083528546844,0.7709174773147145,0.04247627626498537,11.0
1.440062877E9,0.0,0.0,0.0,0.0,0.0,0.0,0.0,0.0,0.0,0.0,11.0,11.0,11.0,2.1818181818181817,3.1767952885702006E-58,3.1767952885702006E-58,3.1767952885702006E-58,5.8348906335229885E-59,0.8511197287827291,9.362317016610023,7.988299294453788,0.914083528546844,0.7709174773147146,0.04247627626498619,11.0,0.8511197287827295,9.362317016610024,7.988299294453789,0.914083528546844,0.7709174773147145,0.04247627626498537,11.0
1.440062878E9,0.0,0.0,0.0,0.0,0.0,0.0,0.0,0.0,0.0,0.0,11.0,11.0,11.0,2.1818181818181817,3.1767952885702006E-58,3.1767952885702006E-58,3.1767952885702006E-58,5.8348906335229885E-59,0.8511197287827291,9.362317016610023,7.988299294453788,0.914083528546844,0.7709174773147146,0.04247627626498619,11.0,0.8511197287827295,9.362317016610024,7.988299294453789,0.914083528546844,0.7709174773147145,0.04247627626498537,11.0
1.440062879E9,0.0,0.0,0.0,0.0,0.0,0.0,0.0,0.0,0.0,0.0,11.0,11.0,11.0,2.1818181818181817,3.1767952885702006E-58,3.1767952885702006E-58,3.1767952885702006E-58,5.8348906335229885E-59,0.8511197287827291,9.362317016610023,7.988299294453788,0.914083528546844,0.7709174773147146,0.04247627626498619,11.0,0.8511197287827295,9.362317016610024,7.988299294453789,0.914083528546844,0.7709174773147145,0.04247627626498537,11.0
1.44006288E9,0.0,0.0,0.0,0.0,0.0,0.0,0.0,0.0,0.0,0.0,11.0,11.0,11.0,2.1818181818181817,3.1767952885702006E-58,3.1767952885702006E-58,3.1767952885702006E-58,5.8348906335229885E-59,0.8511197287827291,9.362317016610023,7.988299294453788,0.914083528546844,0.7709174773147146,0.04247627626498619,11.0,0.8511197287827295,9.362317016610024,7.988299294453789,0.914083528546844,0.7709174773147145,0.04247627626498537,11.0
1.440062881E9,0.0,0.0,0.0,0.0,0.0,0.0,0.0,0.0,0.0,0.0,11.0,11.0,11.0,2.1818181818181817,3.1767952885702006E-58,3.1767952885702006E-58,3.1767952885702006E-58,5.8348906335229885E-59,0.8511197287827291,9.362317016610023,7.988299294453788,0.914083528546844,0.7709174773147146,0.04247627626498619,11.0,0.8511197287827295,9.362317016610024,7.988299294453789,0.914083528546844,0.7709174773147145,0.04247627626498537,11.0
1.440062882E9,0.0,0.0,0.0,0.0,0.0,0.0,0.0,0.0,0.0,0.0,11.0,11.0,11.0,2.1818181818181817,3.1767952885702006E-58,3.1767952885702006E-58,3.1767952885702006E-58,5.8348906335229885E-59,0.8511197287827291,9.362317016610023,7.988299294453788,0.914083528546844,0.7709174773147146,0.04247627626498619,11.0,0.8511197287827295,9.362317016610024,7.988299294453789,0.914083528546844,0.7709174773147145,0.04247627626498537,11.0
1.440062883E9,0.0,0.0,0.0,0.0,0.0,0.0,0.0,0.0,0.0,0.0,11.0,11.0,11.0,2.1818181818181817,3.1767952885702006E-58,3.1767952885702006E-58,3.1767952885702006E-58,5.8348906335229885E-59,0.8511197287827291,9.362317016610023,7.988299294453788,0.914083528546844,0.7709174773147146,0.04247627626498619,11.0,0.8511197287827295,9.362317016610024,7.988299294453789,0.914083528546844,0.7709174773147145,0.04247627626498537,11.0
1.440062884E9,0.0,0.0,0.0,0.0,0.0,0.0,0.0,0.0,0.0,0.0,11.0,11.0,11.0,2.1818181818181817,3.1767952885702006E-58,3.1767952885702006E-58,3.1767952885702006E-58,5.8348906335229885E-59,0.8511197287827291,9.362317016610023,7.988299294453788,0.914083528546844,0.7709174773147146,0.04247627626498619,11.0,0.8511197287827295,9.362317016610024,7.988299294453789,0.914083528546844,0.7709174773147145,0.04247627626498537,11.0
1.440062885E9,0.0,0.0,0.0,0.0,0.0,0.0,0.0,0.0,0.0,0.0,11.0,11.0,11.0,2.1818181818181817,3.1767952885702006E-58,3.1767952885702006E-58,3.1767952885702006E-58,5.8348906335229885E-59,0.8511197287827291,9.362317016610023,7.988299294453788,0.914083528546844,0.7709174773147146,0.04247627626498619,11.0,0.8511197287827295,9.362317016610024,7.988299294453789,0.914083528546844,0.7709174773147145,0.04247627626498537,11.0
1.440062886E9,0.0,0.0,0.0,0.0,0.0,0.0,0.0,0.0,0.0,0.0,11.0,11.0,11.0,2.1818181818181817,3.1767952885702006E-58,3.1767952885702006E-58,3.1767952885702006E-58,5.8348906335229885E-59,0.8511197287827291,9.362317016610023,7.988299294453788,0.914083528546844,0.7709174773147146,0.04247627626498619,11.0,0.8511197287827295,9.362317016610024,7.988299294453789,0.914083528546844,0.7709174773147145,0.04247627626498537,11.0
1.440062887E9,0.0,0.0,0.0,0.0,0.0,0.0,0.0,0.0,0.0,0.0,11.0,11.0,11.0,2.1818181818181817,3.1767952885702006E-58,3.1767952885702006E-58,3.1767952885702006E-58,5.8348906335229885E-59,0.8511197287827291,9.362317016610023,7.988299294453788,0.914083528546844,0.7709174773147146,0.04247627626498619,11.0,0.8511197287827295,9.362317016610024,7.988299294453789,0.914083528546844,0.7709174773147145,0.04247627626498537,11.0
1.440062888E9,0.0,0.0,0.0,0.0,0.0,0.0,0.0,0.0,0.0,0.0,11.0,11.0,11.0,2.1818181818181817,3.1767952885702006E-58,3.1767952885702006E-58,3.1767952885702006E-58,5.8348906335229885E-59,0.8511197287827291,9.362317016610023,7.988299294453788,0.914083528546844,0.7709174773147146,0.04247627626498619,11.0,0.8511197287827295,9.362317016610024,7.988299294453789,0.914083528546844,0.7709174773147145,0.04247627626498537,11.0
1.440062889E9,0.0,0.0,0.0,0.0,0.0,0.0,0.0,0.0,0.0,0.0,11.0,11.0,11.0,2.1818181818181817,3.1767952885702006E-58,3.1767952885702006E-58,3.1767952885702006E-58,5.8348906335229885E-59,0.8511197287827291,9.362317016610023,7.988299294453788,0.914083528546844,0.7709174773147146,0.04247627626498619,11.0,0.8511197287827295,9.362317016610024,7.988299294453789,0.914083528546844,0.7709174773147145,0.04247627626498537,11.0
1.44006289E9,0.0,0.0,0.0,0.0,0.0,0.0,0.0,0.0,0.0,0.0,11.0,11.0,11.0,2.1818181818181817,3.1767952885702006E-58,3.1767952885702006E-58,3.1767952885702006E-58,5.8348906335229885E-59,0.8511197287827291,9.362317016610023,7.988299294453788,0.914083528546844,0.7709174773147146,0.04247627626498619,11.0,0.8511197287827295,9.362317016610024,7.988299294453789,0.914083528546844,0.7709174773147145,0.04247627626498537,11.0
1.440062891E9,0.0,0.0,0.0,0.0,0.0,0.0,0.0,0.0,0.0,0.0,11.0,11.0,11.0,2.1818181818181817,3.1767952885702006E-58,3.1767952885702006E-58,3.1767952885702006E-58,5.8348906335229885E-59,0.8511197287827291,9.362317016610023,7.988299294453788,0.914083528546844,0.7709174773147146,0.04247627626498619,11.0,0.8511197287827295,9.362317016610024,7.988299294453789,0.914083528546844,0.7709174773147145,0.04247627626498537,11.0
1.440062892E9,0.0,0.0,0.0,0.0,0.0,0.0,0.0,0.0,0.0,0.0,11.0,11.0,11.0,2.1818181818181817,3.1767952885702006E-58,3.1767952885702006E-58,3.1767952885702006E-58,5.8348906335229885E-59,0.8511197287827291,9.362317016610023,7.988299294453788,0.914083528546844,0.7709174773147146,0.04247627626498619,11.0,0.8511197287827295,9.362317016610024,7.988299294453789,0.914083528546844,0.7709174773147145,0.04247627626498537,11.0
1.440062893E9,0.0,0.0,0.0,0.0,0.0,0.0,0.0,0.0,0.0,0.0,11.0,11.0,11.0,2.1818181818181817,3.1767952885702006E-58,3.1767952885702006E-58,3.1767952885702006E-58,5.8348906335229885E-59,0.8511197287827291,9.362317016610023,7.988299294453788,0.914083528546844,0.7709174773147146,0.04247627626498619,11.0,0.8511197287827295,9.362317016610024,7.988299294453789,0.914083528546844,0.7709174773147145,0.04247627626498537,11.0
1.440062894E9,0.0,0.0,0.0,0.0,0.0,0.0,0.0,0.0,0.0,0.0,11.0,11.0,11.0,2.1818181818181817,3.1767952885702006E-58,3.1767952885702006E-58,3.1767952885702006E-58,5.8348906335229885E-59,0.8511197287827291,9.362317016610023,7.988299294453788,0.914083528546844,0.7709174773147146,0.04247627626498619,11.0,0.8511197287827295,9.362317016610024,7.988299294453789,0.914083528546844,0.7709174773147145,0.04247627626498537,11.0
1.440062895E9,0.0,0.0,0.0,0.0,0.0,0.0,0.0,0.0,0.0,0.0,11.0,11.0,11.0,2.1818181818181817,3.1767952885702006E-58,3.1767952885702006E-58,3.1767952885702006E-58,5.8348906335229885E-59,0.8511197287827291,9.362317016610023,7.988299294453788,0.914083528546844,0.7709174773147146,0.04247627626498619,11.0,0.8511197287827295,9.362317016610024,7.988299294453789,0.914083528546844,0.7709174773147145,0.04247627626498537,11.0
1.440062896E9,0.0,0.0,0.0,0.0,0.0,0.0,0.0,0.0,0.0,0.0,11.0,11.0,11.0,2.1818181818181817,3.1767952885702006E-58,3.1767952885702006E-58,3.1767952885702006E-58,5.8348906335229885E-59,0.8511197287827291,9.362317016610023,7.988299294453788,0.914083528546844,0.7709174773147146,0.04247627626498619,11.0,0.8511197287827295,9.362317016610024,7.988299294453789,0.914083528546844,0.7709174773147145,0.04247627626498537,11.0
1.440062897E9,0.0,0.0,0.0,0.0,0.0,0.0,0.0,0.0,0.0,0.0,11.0,11.0,11.0,2.1818181818181817,3.1767952885702006E-58,3.1767952885702006E-58,3.1767952885702006E-58,5.8348906335229885E-59,0.8511197287827291,9.362317016610023,7.988299294453788,0.914083528546844,0.7709174773147146,0.04247627626498619,11.0,0.8511197287827295,9.362317016610024,7.988299294453789,0.914083528546844,0.7709174773147145,0.04247627626498537,11.0
1.440062898E9,0.0,0.0,0.0,0.0,0.0,0.0,0.0,0.0,0.0,0.0,11.0,11.0,11.0,2.1818181818181817,3.1767952885702006E-58,3.1767952885702006E-58,3.1767952885702006E-58,5.8348906335229885E-59,0.8511197287827291,9.362317016610023,7.988299294453788,0.914083528546844,0.7709174773147146,0.04247627626498619,11.0,0.8511197287827295,9.362317016610024,7.988299294453789,0.914083528546844,0.7709174773147145,0.04247627626498537,11.0
1.440062899E9,0.0,0.0,0.0,0.0,0.0,0.0,0.0,0.0,0.0,0.0,11.0,11.0,11.0,2.1818181818181817,3.1767952885702006E-58,3.1767952885702006E-58,3.1767952885702006E-58,5.8348906335229885E-59,0.8511197287827291,9.362317016610023,7.988299294453788,0.914083528546844,0.7709174773147146,0.04247627626498619,11.0,0.8511197287827295,9.362317016610024,7.988299294453789,0.914083528546844,0.7709174773147145,0.04247627626498537,11.0
1.4400629E9,0.0,0.0,0.0,0.0,0.0,0.0,0.0,0.0,0.0,0.0,11.0,11.0,11.0,2.1818181818181817,3.1767952885702006E-58,3.1767952885702006E-58,3.1767952885702006E-58,5.8348906335229885E-59,0.8511197287827291,9.362317016610023,7.988299294453788,0.914083528546844,0.7709174773147146,0.04247627626498619,11.0,0.8511197287827295,9.362317016610024,7.988299294453789,0.914083528546844,0.7709174773147145,0.04247627626498537,11.0
1.440062901E9,0.0,0.0,0.0,0.0,0.0,0.0,0.0,0.0,0.0,0.0,11.0,11.0,11.0,2.1818181818181817,3.1767952885702006E-58,3.1767952885702006E-58,3.1767952885702006E-58,5.8348906335229885E-59,0.8511197287827291,9.362317016610023,7.988299294453788,0.914083528546844,0.7709174773147146,0.04247627626498619,11.0,0.8511197287827295,9.362317016610024,7.988299294453789,0.914083528546844,0.7709174773147145,0.04247627626498537,11.0
1.440062902E9,0.0,0.0,0.0,0.0,0.0,0.0,0.0,0.0,0.0,0.0,11.0,11.0,11.0,2.1818181818181817,3.1767952885702006E-58,3.1767952885702006E-58,3.1767952885702006E-58,5.8348906335229885E-59,0.8511197287827291,9.362317016610023,7.988299294453788,0.914083528546844,0.7709174773147146,0.04247627626498619,11.0,0.8511197287827295,9.362317016610024,7.988299294453789,0.914083528546844,0.7709174773147145,0.04247627626498537,11.0
1.440062903E9,0.0,0.0,0.0,0.0,0.0,0.0,0.0,0.0,0.0,0.0,11.0,11.0,11.0,2.1818181818181817,3.1767952885702006E-58,3.1767952885702006E-58,3.1767952885702006E-58,5.8348906335229885E-59,0.8511197287827291,9.362317016610023,7.988299294453788,0.914083528546844,0.7709174773147146,0.04247627626498619,11.0,0.8511197287827295,9.362317016610024,7.988299294453789,0.914083528546844,0.7709174773147145,0.04247627626498537,11.0
1.440062904E9,0.0,0.0,0.0,0.0,0.0,0.0,0.0,0.0,0.0,0.0,11.0,11.0,11.0,2.1818181818181817,3.1767952885702006E-58,3.1767952885702006E-58,3.1767952885702006E-58,5.8348906335229885E-59,0.8511197287827291,9.362317016610023,7.988299294453788,0.914083528546844,0.7709174773147146,0.04247627626498619,11.0,0.8511197287827295,9.362317016610024,7.988299294453789,0.914083528546844,0.7709174773147145,0.04247627626498537,11.0
1.440062905E9,0.0,0.0,0.0,0.0,0.0,0.0,0.0,0.0,0.0,0.0,11.0,11.0,11.0,2.1818181818181817,3.1767952885702006E-58,3.1767952885702006E-58,3.1767952885702006E-58,5.8348906335229885E-59,0.8511197287827291,9.362317016610023,7.988299294453788,0.914083528546844,0.7709174773147146,0.04247627626498619,11.0,0.8511197287827295,9.362317016610024,7.988299294453789,0.914083528546844,0.7709174773147145,0.04247627626498537,11.0
1.440062906E9,0.0,0.0,0.0,0.0,0.0,0.0,0.0,0.0,0.0,0.0,11.0,11.0,11.0,2.1818181818181817,3.1767952885702006E-58,3.1767952885702006E-58,3.1767952885702006E-58,5.8348906335229885E-59,0.8511197287827291,9.362317016610023,7.988299294453788,0.914083528546844,0.7709174773147146,0.04247627626498619,11.0,0.8511197287827295,9.362317016610024,7.988299294453789,0.914083528546844,0.7709174773147145,0.04247627626498537,11.0
1.440062907E9,0.0,0.0,0.0,0.0,0.0,0.0,0.0,0.0,0.0,0.0,11.0,11.0,11.0,2.1818181818181817,3.1767952885702006E-58,3.1767952885702006E-58,3.1767952885702006E-58,5.8348906335229885E-59,0.8511197287827291,9.362317016610023,7.988299294453788,0.914083528546844,0.7709174773147146,0.04247627626498619,11.0,0.8511197287827295,9.362317016610024,7.988299294453789,0.914083528546844,0.7709174773147145,0.04247627626498537,11.0
1.440062908E9,0.0,0.0,0.0,0.0,0.0,0.0,0.0,0.0,0.0,0.0,11.0,11.0,11.0,2.1818181818181817,3.1767952885702006E-58,3.1767952885702006E-58,3.1767952885702006E-58,5.8348906335229885E-59,0.8511197287827291,9.362317016610023,7.988299294453788,0.914083528546844,0.7709174773147146,0.04247627626498619,11.0,0.8511197287827295,9.362317016610024,7.988299294453789,0.914083528546844,0.7709174773147145,0.04247627626498537,11.0
1.440062909E9,0.0,0.0,0.0,0.0,0.0,0.0,0.0,0.0,0.0,0.0,11.0,11.0,11.0,2.1818181818181817,3.1767952885702006E-58,3.1767952885702006E-58,3.1767952885702006E-58,5.8348906335229885E-59,0.8511197287827291,9.362317016610023,7.988299294453788,0.914083528546844,0.7709174773147146,0.04247627626498619,11.0,0.8511197287827295,9.362317016610024,7.988299294453789,0.914083528546844,0.7709174773147145,0.04247627626498537,11.0
1.44006291E9,0.0,0.0,0.0,0.0,0.0,0.0,0.0,0.0,0.0,0.0,11.0,11.0,11.0,2.1818181818181817,3.1767952885702006E-58,3.1767952885702006E-58,3.1767952885702006E-58,5.8348906335229885E-59,0.8511197287827291,9.362317016610023,7.988299294453788,0.914083528546844,0.7709174773147146,0.04247627626498619,11.0,0.8511197287827295,9.362317016610024,7.988299294453789,0.914083528546844,0.7709174773147145,0.04247627626498537,11.0
1.440062911E9,0.0,0.0,0.0,0.0,0.0,0.0,0.0,0.0,0.0,0.0,11.0,11.0,11.0,2.1818181818181817,3.1767952885702006E-58,3.1767952885702006E-58,3.1767952885702006E-58,5.8348906335229885E-59,0.8511197287827291,9.362317016610023,7.988299294453788,0.914083528546844,0.7709174773147146,0.04247627626498619,11.0,0.8511197287827295,9.362317016610024,7.988299294453789,0.914083528546844,0.7709174773147145,0.04247627626498537,11.0
1.440062912E9,0.0,0.0,0.0,0.0,0.0,0.0,0.0,0.0,0.0,0.0,11.0,11.0,11.0,2.1818181818181817,3.1767952885702006E-58,3.1767952885702006E-58,3.1767952885702006E-58,5.8348906335229885E-59,0.8511197287827291,9.362317016610023,7.988299294453788,0.914083528546844,0.7709174773147146,0.04247627626498619,11.0,0.8511197287827295,9.362317016610024,7.988299294453789,0.914083528546844,0.7709174773147145,0.04247627626498537,11.0
1.440062913E9,0.0,0.0,0.0,0.0,0.0,0.0,0.0,0.0,0.0,0.0,11.0,11.0,11.0,2.1818181818181817,3.1767952885702006E-58,3.1767952885702006E-58,3.1767952885702006E-58,5.8348906335229885E-59,0.8511197287827291,9.362317016610023,7.988299294453788,0.914083528546844,0.7709174773147146,0.04247627626498619,11.0,0.8511197287827295,9.362317016610024,7.988299294453789,0.914083528546844,0.7709174773147145,0.04247627626498537,11.0
1.440062914E9,0.0,0.0,0.0,0.0,0.0,0.0,0.0,0.0,0.0,0.0,11.0,11.0,11.0,2.1818181818181817,3.1767952885702006E-58,3.1767952885702006E-58,3.1767952885702006E-58,5.8348906335229885E-59,0.8511197287827291,9.362317016610023,7.988299294453788,0.914083528546844,0.7709174773147146,0.04247627626498619,11.0,0.8511197287827295,9.362317016610024,7.988299294453789,0.914083528546844,0.7709174773147145,0.04247627626498537,11.0
1.440062915E9,0.0,0.0,0.0,0.0,0.0,0.0,0.0,0.0,0.0,0.0,11.0,11.0,11.0,2.1818181818181817,3.1767952885702006E-58,3.1767952885702006E-58,3.1767952885702006E-58,5.8348906335229885E-59,0.8511197287827291,9.362317016610023,7.988299294453788,0.914083528546844,0.7709174773147146,0.04247627626498619,11.0,0.8511197287827295,9.362317016610024,7.988299294453789,0.914083528546844,0.7709174773147145,0.04247627626498537,11.0
1.440062916E9,0.0,0.0,0.0,0.0,0.0,0.0,0.0,0.0,0.0,0.0,11.0,11.0,11.0,2.1818181818181817,3.1767952885702006E-58,3.1767952885702006E-58,3.1767952885702006E-58,5.8348906335229885E-59,0.8511197287827291,9.362317016610023,7.988299294453788,0.914083528546844,0.7709174773147146,0.04247627626498619,11.0,0.8511197287827295,9.362317016610024,7.988299294453789,0.914083528546844,0.7709174773147145,0.04247627626498537,11.0
1.440062917E9,0.0,0.0,0.0,0.0,0.0,0.0,0.0,0.0,0.0,0.0,11.0,11.0,11.0,2.1818181818181817,3.1767952885702006E-58,3.1767952885702006E-58,3.1767952885702006E-58,5.8348906335229885E-59,0.8511197287827291,9.362317016610023,7.988299294453788,0.914083528546844,0.7709174773147146,0.04247627626498619,11.0,0.8511197287827295,9.362317016610024,7.988299294453789,0.914083528546844,0.7709174773147145,0.04247627626498537,11.0
1.440062918E9,0.0,0.0,0.0,0.0,0.0,0.0,0.0,0.0,0.0,0.0,11.0,11.0,11.0,2.1818181818181817,3.1767952885702006E-58,3.1767952885702006E-58,3.1767952885702006E-58,5.8348906335229885E-59,0.8511197287827291,9.362317016610023,7.988299294453788,0.914083528546844,0.7709174773147146,0.04247627626498619,11.0,0.8511197287827295,9.362317016610024,7.988299294453789,0.914083528546844,0.7709174773147145,0.04247627626498537,11.0
1.440062919E9,0.0,0.0,0.0,0.0,0.0,0.0,0.0,0.0,0.0,0.0,11.0,11.0,11.0,2.1818181818181817,3.1767952885702006E-58,3.1767952885702006E-58,3.1767952885702006E-58,5.8348906335229885E-59,0.8511197287827291,9.362317016610023,7.988299294453788,0.914083528546844,0.7709174773147146,0.04247627626498619,11.0,0.8511197287827295,9.362317016610024,7.988299294453789,0.914083528546844,0.7709174773147145,0.04247627626498537,11.0
1.44006292E9,0.0,0.0,0.0,0.0,0.0,0.0,0.0,0.0,0.0,0.0,11.0,11.0,11.0,2.1818181818181817,3.1767952885702006E-58,3.1767952885702006E-58,3.1767952885702006E-58,5.8348906335229885E-59,0.8511197287827291,9.362317016610023,7.988299294453788,0.914083528546844,0.7709174773147146,0.04247627626498619,11.0,0.8511197287827295,9.362317016610024,7.988299294453789,0.914083528546844,0.7709174773147145,0.04247627626498537,11.0
1.440062921E9,0.0,0.0,0.0,0.0,0.0,0.0,0.0,0.0,0.0,0.0,11.0,11.0,11.0,2.1818181818181817,3.1767952885702006E-58,3.1767952885702006E-58,3.1767952885702006E-58,5.8348906335229885E-59,0.8511197287827291,9.362317016610023,7.988299294453788,0.914083528546844,0.7709174773147146,0.04247627626498619,11.0,0.8511197287827295,9.362317016610024,7.988299294453789,0.914083528546844,0.7709174773147145,0.04247627626498537,11.0
1.440062922E9,0.0,0.0,0.0,0.0,0.0,0.0,0.0,0.0,0.0,0.0,11.0,11.0,11.0,2.1818181818181817,3.1767952885702006E-58,3.1767952885702006E-58,3.1767952885702006E-58,5.8348906335229885E-59,0.8511197287827291,9.362317016610023,7.988299294453788,0.914083528546844,0.7709174773147146,0.04247627626498619,11.0,0.8511197287827295,9.362317016610024,7.988299294453789,0.914083528546844,0.7709174773147145,0.04247627626498537,11.0
1.440062923E9,0.0,0.0,0.0,0.0,0.0,0.0,0.0,0.0,0.0,0.0,11.0,11.0,11.0,2.1818181818181817,3.1767952885702006E-58,3.1767952885702006E-58,3.1767952885702006E-58,5.8348906335229885E-59,0.8511197287827291,9.362317016610023,7.988299294453788,0.914083528546844,0.7709174773147146,0.04247627626498619,11.0,0.8511197287827295,9.362317016610024,7.988299294453789,0.914083528546844,0.7709174773147145,0.04247627626498537,11.0
1.440062924E9,0.0,0.0,0.0,0.0,0.0,0.0,0.0,0.0,0.0,0.0,11.0,11.0,11.0,2.1818181818181817,3.1767952885702006E-58,3.1767952885702006E-58,3.1767952885702006E-58,5.8348906335229885E-59,0.8511197287827291,9.362317016610023,7.988299294453788,0.914083528546844,0.7709174773147146,0.04247627626498619,11.0,0.8511197287827295,9.362317016610024,7.988299294453789,0.914083528546844,0.7709174773147145,0.04247627626498537,11.0
1.440062925E9,0.0,0.0,0.0,0.0,0.0,0.0,0.0,0.0,0.0,0.0,11.0,11.0,11.0,2.1818181818181817,3.1767952885702006E-58,3.1767952885702006E-58,3.1767952885702006E-58,5.8348906335229885E-59,0.8511197287827291,9.362317016610023,7.988299294453788,0.914083528546844,0.7709174773147146,0.04247627626498619,11.0,0.8511197287827295,9.362317016610024,7.988299294453789,0.914083528546844,0.7709174773147145,0.04247627626498537,11.0
1.440062926E9,0.0,0.0,0.0,0.0,0.0,0.0,0.0,0.0,0.0,0.0,11.0,11.0,11.0,2.1818181818181817,3.1767952885702006E-58,3.1767952885702006E-58,3.1767952885702006E-58,5.8348906335229885E-59,0.8511197287827291,9.362317016610023,7.988299294453788,0.914083528546844,0.7709174773147146,0.04247627626498619,11.0,0.8511197287827295,9.362317016610024,7.988299294453789,0.914083528546844,0.7709174773147145,0.04247627626498537,11.0
1.440062927E9,0.0,0.0,0.0,0.0,0.0,0.0,0.0,0.0,0.0,0.0,11.0,11.0,11.0,2.1818181818181817,3.1767952885702006E-58,3.1767952885702006E-58,3.1767952885702006E-58,5.8348906335229885E-59,0.8511197287827291,9.362317016610023,7.988299294453788,0.914083528546844,0.7709174773147146,0.04247627626498619,11.0,0.8511197287827295,9.362317016610024,7.988299294453789,0.914083528546844,0.7709174773147145,0.04247627626498537,11.0
1.440062928E9,0.0,0.0,0.0,0.0,0.0,0.0,0.0,0.0,0.0,0.0,11.0,11.0,11.0,2.1818181818181817,3.1767952885702006E-58,3.1767952885702006E-58,3.1767952885702006E-58,5.8348906335229885E-59,0.8511197287827291,9.362317016610023,7.988299294453788,0.914083528546844,0.7709174773147146,0.04247627626498619,11.0,0.8511197287827295,9.362317016610024,7.988299294453789,0.914083528546844,0.7709174773147145,0.04247627626498537,11.0
1.440062929E9,0.0,0.0,0.0,0.0,0.0,0.0,0.0,0.0,0.0,0.0,11.0,11.0,11.0,2.1818181818181817,3.1767952885702006E-58,3.1767952885702006E-58,3.1767952885702006E-58,5.8348906335229885E-59,0.8511197287827291,9.362317016610023,7.988299294453788,0.914083528546844,0.7709174773147146,0.04247627626498619,11.0,0.8511197287827295,9.362317016610024,7.988299294453789,0.914083528546844,0.7709174773147145,0.04247627626498537,11.0
1.44006293E9,0.0,0.0,0.0,0.0,0.0,0.0,0.0,0.0,0.0,0.0,11.0,11.0,11.0,2.1818181818181817,3.1767952885702006E-58,3.1767952885702006E-58,3.1767952885702006E-58,5.8348906335229885E-59,0.8511197287827291,9.362317016610023,7.988299294453788,0.914083528546844,0.7709174773147146,0.04247627626498619,11.0,0.8511197287827295,9.362317016610024,7.988299294453789,0.914083528546844,0.7709174773147145,0.04247627626498537,11.0
1.440062931E9,0.0,0.0,0.0,0.0,0.0,0.0,0.0,0.0,0.0,0.0,11.0,11.0,11.0,2.1818181818181817,3.1767952885702006E-58,3.1767952885702006E-58,3.1767952885702006E-58,5.8348906335229885E-59,0.8511197287827291,9.362317016610023,7.988299294453788,0.914083528546844,0.7709174773147146,0.04247627626498619,11.0,0.8511197287827295,9.362317016610024,7.988299294453789,0.914083528546844,0.7709174773147145,0.04247627626498537,11.0
1.440062932E9,0.0,0.0,0.0,0.0,0.0,0.0,0.0,0.0,0.0,0.0,11.0,11.0,11.0,2.1818181818181817,3.1767952885702006E-58,3.1767952885702006E-58,3.1767952885702006E-58,5.8348906335229885E-59,0.8511197287827291,9.362317016610023,7.988299294453788,0.914083528546844,0.7709174773147146,0.04247627626498619,11.0,0.8511197287827295,9.362317016610024,7.988299294453789,0.914083528546844,0.7709174773147145,0.04247627626498537,11.0
1.440062933E9,0.0,0.0,0.0,0.0,0.0,0.0,0.0,0.0,0.0,0.0,11.0,11.0,11.0,2.1818181818181817,3.1767952885702006E-58,3.1767952885702006E-58,3.1767952885702006E-58,5.8348906335229885E-59,0.8511197287827291,9.362317016610023,7.988299294453788,0.914083528546844,0.7709174773147146,0.04247627626498619,11.0,0.8511197287827295,9.362317016610024,7.988299294453789,0.914083528546844,0.7709174773147145,0.04247627626498537,11.0
1.440062934E9,0.0,0.0,0.0,5.0,0.0,5.0,0.0,0.0,5.0,0.0,11.0,11.0,11.0,2.1818181818181817,3.1767952885702006E-58,3.1767952885702006E-58,3.1767952885702006E-58,5.257291777768838E-59,0.8106218673366566,8.916840540703221,7.537717575899081,0.46860705264004404,0.4035315748072579,0.1382857848370271,11.0,0.7768736494649293,8.545610144114223,7.162232810436823,0.9127146139312933,0.09737665605104404,0.21812704198039495,11.0
1.440062935E9,0.0,0.0,0.0,3.0,0.0,3.0,0.0,0.0,3.0,0.0,11.0,11.0,11.0,2.1818181818181817,3.1767952885702006E-58,3.1767952885702006E-58,3.1767952885702006E-58,5.262010349516586E-59,0.7903729366136204,8.694102302749823,7.312426716621727,0.24586881468664404,0.21983862355352957,0.1861905391230476,11.0,0.7768736494649293,8.545610144114223,7.162232810436823,0.9127146139312933,0.09737665605104404,0.21812704198039495,11.0
1.440062936E9,0.0,0.0,0.0,30.0,0.0,30.0,0.0,0.0,30.0,0.0,11.0,11.0,11.0,2.1999999999999997,3.1767952885702006E-58,3.1767952885702006E-58,3.1767952885702006E-58,2.4031766101285025E-60,0.564180874343381,6.205989617777193,4.791042823422783,0.3529042025984097,0.09905700959998141,0.33142448992305046,11.0,0.15149655718122415,1.6664621289934656,0.2859597082636704,0.25591963703060155,0.07063156934830475,0.055182699074213554,11.0
1.440062937E9,0.0,0.0,0.0,40.0,0.0,40.0,0.0,0.0,40.0,0.0,11.0,11.0,11.0,2.2181818181818183,3.1767952885702006E-58,3.1767952885702006E-58,3.1767952885702006E-58,6.530251147326805E-61,0.3358975417953661,3.694872959749027,2.3070619297560384,0.29745101427567094,0.08278842694045896,0.29789205481471465,11.0,0.15149655718122415,1.6664621289934656,0.2859597082636704,0.25591963703060155,0.07063156934830475,0.055182699074213554,11.0
1.440062938E9,0.0,0.0,0.0,16.0,0.0,16.0,0.0,0.0,16.0,0.0,11.0,11.0,11.0,2.2363636363636363,3.1767952885702006E-58,3.1767952885702006E-58,3.1767952885702006E-58,8.820943438299251E-60,0.24370312437145067,2.6807343680859574,1.303115632803213,0.30435084708388965,0.07306294086673558,0.21947406983604886,11.0,0.15149655718122415,1.6664621289934656,0.2859597082636704,0.25591963703060155,0.07063156934830475,0.055182699074213554,11.0
1.440062939E9,0.0,0.0,0.0,8.0,0.0,8.0,0.0,0.0,8.0,0.0,11.0,11.0,11.0,2.2363636363636363,3.1767952885702006E-58,3.1767952885702006E-58,3.1767952885702006E-58,1.5183118016949087E-59,0.19915489033359626,2.190703793669559,0.8122117817365389,0.30435084708388965,0.07306294086673558,0.15306824529252278,11.0,0.15149655718122415,1.6664621289934656,0.2859597082636704,0.25591963703060155,0.07063156934830475,0.055182699074213554,11.0
1.44006294E9,0.0,0.0,0.0,2.0,0.0,2.0,0.0,0.0,2.0,0.0,11.0,11.0,11.0,2.2363636363636363,3.1767952885702006E-58,3.1767952885702006E-58,3.1767952885702006E-58,2.041450007034159E-59,0.18864606068523965,2.0751066675376366,0.6941483050077016,0.31082880242630695,0.07306294086673558,0.13357226079995288,11.0,0.15149655718122415,1.6664621289934656,0.2859597082636704,0.25591963703060155,0.07063156934830475,0.055182699074213554,11.0
1.440062941E9,0.0,0.0,0.0,5.0,0.0,5.0,0.0,0.0,5.0,0.0,11.0,11.0,11.0,2.2363636363636363,3.1767952885702006E-58,3.1767952885702006E-58,3.1767952885702006E-58,4.170430121892792E-59,0.15744519707342175,1.7318971678076387,0.34667284358298506,0.23658272310850695,0.07063156934830474,0.06826822342721874,11.0,0.15149655718122415,1.6664621289934656,0.2859597082636704,0.25591963703060155,0.07063156934830475,0.055182699074213554,11.0
1.440062942E9,0.0,0.0,0.0,0.0,0.0,0.0,0.0,0.0,0.0,0.0,11.0,11.0,11.0,2.2363636363636363,3.1767952885702006E-58,3.1767952885702006E-58,3.1767952885702006E-58,4.170430121892792E-59,0.15744519707342175,1.7318971678076387,0.34667284358298506,0.23658272310850695,0.07063156934830474,0.06826822342721874,11.0,0.15149655718122415,1.6664621289934656,0.2859597082636704,0.25591963703060155,0.07063156934830475,0.055182699074213554,11.0
1.440062943E9,0.0,0.0,0.0,1.0,0.0,1.0,0.0,0.0,1.0,0.0,11.0,11.0,11.0,2.2363636363636363,3.1767952885702006E-58,3.1767952885702006E-58,3.1767952885702006E-58,4.224610462281783E-59,0.1514965571812242,1.6664621289934658,0.28595970826367034,0.23658272310850695,0.07063156934830474,0.05518269907421336,11.0,0.15149655718122415,1.6664621289934656,0.2859597082636704,0.25591963703060155,0.07063156934830475,0.055182699074213554,11.0
1.440062944E9,0.0,0.0,0.0,0.0,0.0,0.0,0.0,0.0,0.0,0.0,11.0,11.0,11.0,2.2363636363636363,3.1767952885702006E-58,3.1767952885702006E-58,3.1767952885702006E-58,4.224610462281783E-59,0.1514965571812242,1.6664621289934658,0.28595970826367034,0.23658272310850695,0.07063156934830474,0.05518269907421336,11.0,0.15149655718122415,1.6664621289934656,0.2859597082636704,0.25591963703060155,0.07063156934830475,0.055182699074213554,11.0
1.440062945E9,0.0,0.0,0.0,0.0,0.0,0.0,0.0,0.0,0.0,0.0,11.0,11.0,11.0,2.2363636363636363,3.1767952885702006E-58,3.1767952885702006E-58,3.1767952885702006E-58,4.224610462281783E-59,0.1514965571812242,1.6664621289934658,0.28595970826367034,0.23658272310850695,0.07063156934830474,0.05518269907421336,11.0,0.15149655718122415,1.6664621289934656,0.2859597082636704,0.25591963703060155,0.07063156934830475,0.055182699074213554,11.0
1.440062946E9,0.0,0.0,0.0,0.0,0.0,0.0,0.0,0.0,0.0,0.0,11.0,11.0,11.0,2.2363636363636363,3.1767952885702006E-58,3.1767952885702006E-58,3.1767952885702006E-58,4.224610462281783E-59,0.1514965571812242,1.6664621289934658,0.28595970826367034,0.23658272310850695,0.07063156934830474,0.05518269907421336,11.0,0.15149655718122415,1.6664621289934656,0.2859597082636704,0.25591963703060155,0.07063156934830475,0.055182699074213554,11.0
1.440062947E9,0.0,0.0,0.0,0.0,0.0,0.0,0.0,0.0,0.0,0.0,11.0,11.0,11.0,2.2363636363636363,3.1767952885702006E-58,3.1767952885702006E-58,3.1767952885702006E-58,4.224610462281783E-59,0.1514965571812242,1.6664621289934658,0.28595970826367034,0.23658272310850695,0.07063156934830474,0.05518269907421336,11.0,0.15149655718122415,1.6664621289934656,0.2859597082636704,0.25591963703060155,0.07063156934830475,0.055182699074213554,11.0
1.440062948E9,0.0,0.0,0.0,0.0,0.0,0.0,0.0,0.0,0.0,0.0,11.0,11.0,11.0,2.2363636363636363,3.1767952885702006E-58,3.1767952885702006E-58,3.1767952885702006E-58,4.224610462281783E-59,0.1514965571812242,1.6664621289934658,0.28595970826367034,0.23658272310850695,0.07063156934830474,0.05518269907421336,11.0,0.15149655718122415,1.6664621289934656,0.2859597082636704,0.25591963703060155,0.07063156934830475,0.055182699074213554,11.0
1.440062949E9,0.0,0.0,0.0,0.0,0.0,0.0,0.0,0.0,0.0,0.0,11.0,11.0,11.0,2.2363636363636363,3.1767952885702006E-58,3.1767952885702006E-58,3.1767952885702006E-58,4.224610462281783E-59,0.1514965571812242,1.6664621289934658,0.28595970826367034,0.23658272310850695,0.07063156934830474,0.05518269907421336,11.0,0.15149655718122415,1.6664621289934656,0.2859597082636704,0.25591963703060155,0.07063156934830475,0.055182699074213554,11.0
1.44006295E9,0.0,0.0,0.0,0.0,0.0,0.0,0.0,0.0,0.0,0.0,11.0,11.0,11.0,2.2363636363636363,3.1767952885702006E-58,3.1767952885702006E-58,3.1767952885702006E-58,4.224610462281783E-59,0.1514965571812242,1.6664621289934658,0.28595970826367034,0.23658272310850695,0.07063156934830474,0.05518269907421336,11.0,0.15149655718122415,1.6664621289934656,0.2859597082636704,0.25591963703060155,0.07063156934830475,0.055182699074213554,11.0
1.440062951E9,0.0,0.0,0.0,0.0,0.0,0.0,0.0,0.0,0.0,0.0,11.0,11.0,11.0,2.2363636363636363,3.1767952885702006E-58,3.1767952885702006E-58,3.1767952885702006E-58,4.224610462281783E-59,0.1514965571812242,1.6664621289934658,0.28595970826367034,0.23658272310850695,0.07063156934830474,0.05518269907421336,11.0,0.15149655718122415,1.6664621289934656,0.2859597082636704,0.25591963703060155,0.07063156934830475,0.055182699074213554,11.0
1.440062952E9,0.0,0.0,0.0,0.0,0.0,0.0,0.0,0.0,0.0,0.0,11.0,11.0,11.0,2.2363636363636363,3.1767952885702006E-58,3.1767952885702006E-58,3.1767952885702006E-58,4.224610462281783E-59,0.1514965571812242,1.6664621289934658,0.28595970826367034,0.23658272310850695,0.07063156934830474,0.05518269907421336,11.0,0.15149655718122415,1.6664621289934656,0.2859597082636704,0.25591963703060155,0.07063156934830475,0.055182699074213554,11.0
1.440062953E9,0.0,0.0,0.0,0.0,0.0,0.0,0.0,0.0,0.0,0.0,11.0,11.0,11.0,2.2363636363636363,3.1767952885702006E-58,3.1767952885702006E-58,3.1767952885702006E-58,4.224610462281783E-59,0.1514965571812242,1.6664621289934658,0.28595970826367034,0.23658272310850695,0.07063156934830474,0.05518269907421336,11.0,0.15149655718122415,1.6664621289934656,0.2859597082636704,0.25591963703060155,0.07063156934830475,0.055182699074213554,11.0
1.440062954E9,0.0,0.0,0.0,0.0,0.0,0.0,0.0,0.0,0.0,0.0,11.0,11.0,11.0,2.2363636363636363,3.1767952885702006E-58,3.1767952885702006E-58,3.1767952885702006E-58,4.224610462281783E-59,0.1514965571812242,1.6664621289934658,0.28595970826367034,0.23658272310850695,0.07063156934830474,0.05518269907421336,11.0,0.15149655718122415,1.6664621289934656,0.2859597082636704,0.25591963703060155,0.07063156934830475,0.055182699074213554,11.0
1.440062955E9,0.0,0.0,0.0,0.0,0.0,0.0,0.0,0.0,0.0,0.0,11.0,11.0,11.0,2.2363636363636363,3.1767952885702006E-58,3.1767952885702006E-58,3.1767952885702006E-58,4.224610462281783E-59,0.1514965571812242,1.6664621289934658,0.28595970826367034,0.23658272310850695,0.07063156934830474,0.05518269907421336,11.0,0.15149655718122415,1.6664621289934656,0.2859597082636704,0.25591963703060155,0.07063156934830475,0.055182699074213554,11.0
1.440062956E9,0.0,0.0,0.0,0.0,0.0,0.0,0.0,0.0,0.0,0.0,11.0,11.0,11.0,2.2363636363636363,3.1767952885702006E-58,3.1767952885702006E-58,3.1767952885702006E-58,4.224610462281783E-59,0.1514965571812242,1.6664621289934658,0.28595970826367034,0.23658272310850695,0.07063156934830474,0.05518269907421336,11.0,0.15149655718122415,1.6664621289934656,0.2859597082636704,0.25591963703060155,0.07063156934830475,0.055182699074213554,11.0
1.440062957E9,0.0,0.0,0.0,0.0,0.0,0.0,0.0,0.0,0.0,0.0,11.0,11.0,11.0,2.2363636363636363,3.1767952885702006E-58,3.1767952885702006E-58,3.1767952885702006E-58,4.224610462281783E-59,0.1514965571812242,1.6664621289934658,0.28595970826367034,0.23658272310850695,0.07063156934830474,0.05518269907421336,11.0,0.15149655718122415,1.6664621289934656,0.2859597082636704,0.25591963703060155,0.07063156934830475,0.055182699074213554,11.0
1.440062958E9,0.0,0.0,0.0,0.0,0.0,0.0,0.0,0.0,0.0,0.0,11.0,11.0,11.0,2.2363636363636363,3.1767952885702006E-58,3.1767952885702006E-58,3.1767952885702006E-58,4.224610462281783E-59,0.1514965571812242,1.6664621289934658,0.28595970826367034,0.23658272310850695,0.07063156934830474,0.05518269907421336,11.0,0.15149655718122415,1.6664621289934656,0.2859597082636704,0.25591963703060155,0.07063156934830475,0.055182699074213554,11.0
1.440062959E9,0.0,0.0,0.0,0.0,0.0,0.0,0.0,0.0,0.0,0.0,11.0,11.0,11.0,2.2363636363636363,3.1767952885702006E-58,3.1767952885702006E-58,3.1767952885702006E-58,4.224610462281783E-59,0.1514965571812242,1.6664621289934658,0.28595970826367034,0.23658272310850695,0.07063156934830474,0.05518269907421336,11.0,0.15149655718122415,1.6664621289934656,0.2859597082636704,0.25591963703060155,0.07063156934830475,0.055182699074213554,11.0
1.44006296E9,0.0,0.0,0.0,0.0,0.0,0.0,0.0,0.0,0.0,0.0,11.0,11.0,11.0,2.2363636363636363,3.1767952885702006E-58,3.1767952885702006E-58,3.1767952885702006E-58,4.224610462281783E-59,0.1514965571812242,1.6664621289934658,0.28595970826367034,0.23658272310850695,0.07063156934830474,0.05518269907421336,11.0,0.15149655718122415,1.6664621289934656,0.2859597082636704,0.25591963703060155,0.07063156934830475,0.055182699074213554,11.0
1.440062961E9,0.0,0.0,0.0,0.0,0.0,0.0,0.0,0.0,0.0,0.0,11.0,11.0,11.0,2.2363636363636363,3.1767952885702006E-58,3.1767952885702006E-58,3.1767952885702006E-58,4.224610462281783E-59,0.1514965571812242,1.6664621289934658,0.28595970826367034,0.23658272310850695,0.07063156934830474,0.05518269907421336,11.0,0.15149655718122415,1.6664621289934656,0.2859597082636704,0.25591963703060155,0.07063156934830475,0.055182699074213554,11.0
1.440062962E9,0.0,0.0,0.0,0.0,0.0,0.0,0.0,0.0,0.0,0.0,11.0,11.0,11.0,2.2363636363636363,3.1767952885702006E-58,3.1767952885702006E-58,3.1767952885702006E-58,4.224610462281783E-59,0.1514965571812242,1.6664621289934658,0.28595970826367034,0.23658272310850695,0.07063156934830474,0.05518269907421336,11.0,0.15149655718122415,1.6664621289934656,0.2859597082636704,0.25591963703060155,0.07063156934830475,0.055182699074213554,11.0
1.440062963E9,0.0,0.0,0.0,0.0,0.0,0.0,0.0,0.0,0.0,0.0,11.0,11.0,11.0,2.2363636363636363,3.1767952885702006E-58,3.1767952885702006E-58,3.1767952885702006E-58,4.224610462281783E-59,0.1514965571812242,1.6664621289934658,0.28595970826367034,0.23658272310850695,0.07063156934830474,0.05518269907421336,11.0,0.15149655718122415,1.6664621289934656,0.2859597082636704,0.25591963703060155,0.07063156934830475,0.055182699074213554,11.0
1.440062964E9,0.0,0.0,0.0,0.0,0.0,0.0,0.0,0.0,0.0,0.0,11.0,11.0,11.0,2.2363636363636363,3.1767952885702006E-58,3.1767952885702006E-58,3.1767952885702006E-58,4.224610462281783E-59,0.1514965571812242,1.6664621289934658,0.28595970826367034,0.23658272310850695,0.07063156934830474,0.05518269907421336,11.0,0.15149655718122415,1.6664621289934656,0.2859597082636704,0.25591963703060155,0.07063156934830475,0.055182699074213554,11.0
1.440062965E9,0.0,0.0,0.0,0.0,0.0,0.0,0.0,0.0,0.0,0.0,11.0,11.0,11.0,2.2363636363636363,3.1767952885702006E-58,3.1767952885702006E-58,3.1767952885702006E-58,4.224610462281783E-59,0.1514965571812242,1.6664621289934658,0.28595970826367034,0.23658272310850695,0.07063156934830474,0.05518269907421336,11.0,0.15149655718122415,1.6664621289934656,0.2859597082636704,0.25591963703060155,0.07063156934830475,0.055182699074213554,11.0
1.440062966E9,0.0,0.0,0.0,0.0,0.0,0.0,0.0,0.0,0.0,0.0,11.0,11.0,11.0,2.2363636363636363,3.1767952885702006E-58,3.1767952885702006E-58,3.1767952885702006E-58,4.224610462281783E-59,0.1514965571812242,1.6664621289934658,0.28595970826367034,0.23658272310850695,0.07063156934830474,0.05518269907421336,11.0,0.15149655718122415,1.6664621289934656,0.2859597082636704,0.25591963703060155,0.07063156934830475,0.055182699074213554,11.0
1.440062967E9,0.0,0.0,0.0,0.0,0.0,0.0,0.0,0.0,0.0,0.0,11.0,11.0,11.0,2.2363636363636363,3.1767952885702006E-58,3.1767952885702006E-58,3.1767952885702006E-58,4.224610462281783E-59,0.1514965571812242,1.6664621289934658,0.28595970826367034,0.23658272310850695,0.07063156934830474,0.05518269907421336,11.0,0.15149655718122415,1.6664621289934656,0.2859597082636704,0.25591963703060155,0.07063156934830475,0.055182699074213554,11.0
1.440062968E9,0.0,0.0,0.0,0.0,0.0,0.0,0.0,0.0,0.0,0.0,11.0,11.0,11.0,2.2363636363636363,3.1767952885702006E-58,3.1767952885702006E-58,3.1767952885702006E-58,4.224610462281783E-59,0.1514965571812242,1.6664621289934658,0.28595970826367034,0.23658272310850695,0.07063156934830474,0.05518269907421336,11.0,0.15149655718122415,1.6664621289934656,0.2859597082636704,0.25591963703060155,0.07063156934830475,0.055182699074213554,11.0
1.440062969E9,0.0,0.0,0.0,0.0,0.0,0.0,0.0,0.0,0.0,0.0,11.0,11.0,11.0,2.2363636363636363,3.1767952885702006E-58,3.1767952885702006E-58,3.1767952885702006E-58,4.224610462281783E-59,0.1514965571812242,1.6664621289934658,0.28595970826367034,0.23658272310850695,0.07063156934830474,0.05518269907421336,11.0,0.15149655718122415,1.6664621289934656,0.2859597082636704,0.25591963703060155,0.07063156934830475,0.055182699074213554,11.0
1.44006297E9,0.0,0.0,0.0,0.0,0.0,0.0,0.0,0.0,0.0,0.0,11.0,11.0,11.0,2.2363636363636363,3.1767952885702006E-58,3.1767952885702006E-58,3.1767952885702006E-58,4.224610462281783E-59,0.1514965571812242,1.6664621289934658,0.28595970826367034,0.23658272310850695,0.07063156934830474,0.05518269907421336,11.0,0.15149655718122415,1.6664621289934656,0.2859597082636704,0.25591963703060155,0.07063156934830475,0.055182699074213554,11.0
1.440062971E9,0.0,0.0,0.0,0.0,0.0,0.0,0.0,0.0,0.0,0.0,11.0,11.0,11.0,2.2363636363636363,3.1767952885702006E-58,3.1767952885702006E-58,3.1767952885702006E-58,4.224610462281783E-59,0.1514965571812242,1.6664621289934658,0.28595970826367034,0.23658272310850695,0.07063156934830474,0.05518269907421336,11.0,0.15149655718122415,1.6664621289934656,0.2859597082636704,0.25591963703060155,0.07063156934830475,0.055182699074213554,11.0
1.440062972E9,0.0,0.0,0.0,0.0,0.0,0.0,0.0,0.0,0.0,0.0,11.0,11.0,11.0,2.2363636363636363,3.1767952885702006E-58,3.1767952885702006E-58,3.1767952885702006E-58,4.224610462281783E-59,0.1514965571812242,1.6664621289934658,0.28595970826367034,0.23658272310850695,0.07063156934830474,0.05518269907421336,11.0,0.15149655718122415,1.6664621289934656,0.2859597082636704,0.25591963703060155,0.07063156934830475,0.055182699074213554,11.0
1.440062973E9,0.0,0.0,0.0,0.0,0.0,0.0,0.0,0.0,0.0,0.0,11.0,11.0,11.0,2.2363636363636363,3.1767952885702006E-58,3.1767952885702006E-58,3.1767952885702006E-58,4.224610462281783E-59,0.1514965571812242,1.6664621289934658,0.28595970826367034,0.23658272310850695,0.07063156934830474,0.05518269907421336,11.0,0.15149655718122415,1.6664621289934656,0.2859597082636704,0.25591963703060155,0.07063156934830475,0.055182699074213554,11.0
1.440062974E9,0.0,0.0,0.0,0.0,0.0,0.0,0.0,0.0,0.0,0.0,11.0,11.0,11.0,2.2363636363636363,3.1767952885702006E-58,3.1767952885702006E-58,3.1767952885702006E-58,4.224610462281783E-59,0.1514965571812242,1.6664621289934658,0.28595970826367034,0.23658272310850695,0.07063156934830474,0.05518269907421336,11.0,0.15149655718122415,1.6664621289934656,0.2859597082636704,0.25591963703060155,0.07063156934830475,0.055182699074213554,11.0
1.440062975E9,0.0,0.0,0.0,0.0,0.0,0.0,0.0,0.0,0.0,0.0,11.0,11.0,11.0,2.2363636363636363,3.1767952885702006E-58,3.1767952885702006E-58,3.1767952885702006E-58,4.224610462281783E-59,0.1514965571812242,1.6664621289934658,0.28595970826367034,0.23658272310850695,0.07063156934830474,0.05518269907421336,11.0,0.15149655718122415,1.6664621289934656,0.2859597082636704,0.25591963703060155,0.07063156934830475,0.055182699074213554,11.0
1.440062976E9,0.0,0.0,0.0,0.0,0.0,0.0,0.0,0.0,0.0,0.0,11.0,11.0,11.0,2.2363636363636363,3.1767952885702006E-58,3.1767952885702006E-58,3.1767952885702006E-58,4.224610462281783E-59,0.1514965571812242,1.6664621289934658,0.28595970826367034,0.23658272310850695,0.07063156934830474,0.05518269907421336,11.0,0.15149655718122415,1.6664621289934656,0.2859597082636704,0.25591963703060155,0.07063156934830475,0.055182699074213554,11.0
1.440062977E9,0.0,0.0,0.0,0.0,0.0,0.0,0.0,0.0,0.0,0.0,11.0,11.0,11.0,2.2363636363636363,3.1767952885702006E-58,3.1767952885702006E-58,3.1767952885702006E-58,4.224610462281783E-59,0.1514965571812242,1.6664621289934658,0.28595970826367034,0.23658272310850695,0.07063156934830474,0.05518269907421336,11.0,0.15149655718122415,1.6664621289934656,0.2859597082636704,0.25591963703060155,0.07063156934830475,0.055182699074213554,11.0
1.440062978E9,0.0,0.0,0.0,0.0,0.0,0.0,0.0,0.0,0.0,0.0,11.0,11.0,11.0,2.2363636363636363,3.1767952885702006E-58,3.1767952885702006E-58,3.1767952885702006E-58,4.224610462281783E-59,0.1514965571812242,1.6664621289934658,0.28595970826367034,0.23658272310850695,0.07063156934830474,0.05518269907421336,11.0,0.15149655718122415,1.6664621289934656,0.2859597082636704,0.25591963703060155,0.07063156934830475,0.055182699074213554,11.0
1.440062979E9,0.0,0.0,0.0,0.0,0.0,0.0,0.0,0.0,0.0,0.0,11.0,11.0,11.0,2.2363636363636363,3.1767952885702006E-58,3.1767952885702006E-58,3.1767952885702006E-58,4.224610462281783E-59,0.1514965571812242,1.6664621289934658,0.28595970826367034,0.23658272310850695,0.07063156934830474,0.05518269907421336,11.0,0.15149655718122415,1.6664621289934656,0.2859597082636704,0.25591963703060155,0.07063156934830475,0.055182699074213554,11.0
1.44006298E9,0.0,0.0,0.0,0.0,0.0,0.0,0.0,0.0,0.0,0.0,11.0,11.0,11.0,2.2363636363636363,3.1767952885702006E-58,3.1767952885702006E-58,3.1767952885702006E-58,4.224610462281783E-59,0.1514965571812242,1.6664621289934658,0.28595970826367034,0.23658272310850695,0.07063156934830474,0.05518269907421336,11.0,0.15149655718122415,1.6664621289934656,0.2859597082636704,0.25591963703060155,0.07063156934830475,0.055182699074213554,11.0
1.440062981E9,0.0,0.0,0.0,0.0,0.0,0.0,0.0,0.0,0.0,0.0,11.0,11.0,11.0,2.2363636363636363,3.1767952885702006E-58,3.1767952885702006E-58,3.1767952885702006E-58,4.224610462281783E-59,0.1514965571812242,1.6664621289934658,0.28595970826367034,0.23658272310850695,0.07063156934830474,0.05518269907421336,11.0,0.15149655718122415,1.6664621289934656,0.2859597082636704,0.25591963703060155,0.07063156934830475,0.055182699074213554,11.0
1.440062982E9,0.0,0.0,0.0,0.0,0.0,0.0,0.0,0.0,0.0,0.0,11.0,11.0,11.0,2.2363636363636363,3.1767952885702006E-58,3.1767952885702006E-58,3.1767952885702006E-58,4.224610462281783E-59,0.1514965571812242,1.6664621289934658,0.28595970826367034,0.23658272310850695,0.07063156934830474,0.05518269907421336,11.0,0.15149655718122415,1.6664621289934656,0.2859597082636704,0.25591963703060155,0.07063156934830475,0.055182699074213554,11.0
1.440062983E9,0.0,0.0,0.0,0.0,0.0,0.0,0.0,0.0,0.0,0.0,11.0,11.0,11.0,2.2363636363636363,3.1767952885702006E-58,3.1767952885702006E-58,3.1767952885702006E-58,4.224610462281783E-59,0.1514965571812242,1.6664621289934658,0.28595970826367034,0.23658272310850695,0.07063156934830474,0.05518269907421336,11.0,0.15149655718122415,1.6664621289934656,0.2859597082636704,0.25591963703060155,0.07063156934830475,0.055182699074213554,11.0
1.440062984E9,0.0,0.0,0.0,0.0,0.0,0.0,0.0,0.0,0.0,0.0,11.0,11.0,11.0,2.2363636363636363,3.1767952885702006E-58,3.1767952885702006E-58,3.1767952885702006E-58,4.224610462281783E-59,0.1514965571812242,1.6664621289934658,0.28595970826367034,0.23658272310850695,0.07063156934830474,0.05518269907421336,11.0,0.15149655718122415,1.6664621289934656,0.2859597082636704,0.25591963703060155,0.07063156934830475,0.055182699074213554,11.0
1.440062985E9,0.0,0.0,0.0,0.0,0.0,0.0,0.0,0.0,0.0,0.0,11.0,11.0,11.0,2.2363636363636363,3.1767952885702006E-58,3.1767952885702006E-58,3.1767952885702006E-58,4.224610462281783E-59,0.1514965571812242,1.6664621289934658,0.28595970826367034,0.23658272310850695,0.07063156934830474,0.05518269907421336,11.0,0.15149655718122415,1.6664621289934656,0.2859597082636704,0.25591963703060155,0.07063156934830475,0.055182699074213554,11.0
1.440062986E9,0.0,0.0,0.0,0.0,0.0,0.0,0.0,0.0,0.0,0.0,11.0,11.0,11.0,2.2363636363636363,3.1767952885702006E-58,3.1767952885702006E-58,3.1767952885702006E-58,4.224610462281783E-59,0.1514965571812242,1.6664621289934658,0.28595970826367034,0.23658272310850695,0.07063156934830474,0.05518269907421336,11.0,0.15149655718122415,1.6664621289934656,0.2859597082636704,0.25591963703060155,0.07063156934830475,0.055182699074213554,11.0
1.440062987E9,0.0,0.0,0.0,0.0,0.0,0.0,0.0,0.0,0.0,0.0,11.0,11.0,11.0,2.2363636363636363,3.1767952885702006E-58,3.1767952885702006E-58,3.1767952885702006E-58,4.224610462281783E-59,0.1514965571812242,1.6664621289934658,0.28595970826367034,0.23658272310850695,0.07063156934830474,0.05518269907421336,11.0,0.15149655718122415,1.6664621289934656,0.2859597082636704,0.25591963703060155,0.07063156934830475,0.055182699074213554,11.0
1.440062988E9,0.0,0.0,0.0,0.0,0.0,0.0,0.0,0.0,0.0,0.0,11.0,11.0,11.0,2.2363636363636363,3.1767952885702006E-58,3.1767952885702006E-58,3.1767952885702006E-58,4.224610462281783E-59,0.1514965571812242,1.6664621289934658,0.28595970826367034,0.23658272310850695,0.07063156934830474,0.05518269907421336,11.0,0.15149655718122415,1.6664621289934656,0.2859597082636704,0.25591963703060155,0.07063156934830475,0.055182699074213554,11.0
1.440062989E9,0.0,0.0,0.0,0.0,0.0,0.0,0.0,0.0,0.0,0.0,11.0,11.0,11.0,2.2363636363636363,3.1767952885702006E-58,3.1767952885702006E-58,3.1767952885702006E-58,4.224610462281783E-59,0.1514965571812242,1.6664621289934658,0.28595970826367034,0.23658272310850695,0.07063156934830474,0.05518269907421336,11.0,0.15149655718122415,1.6664621289934656,0.2859597082636704,0.25591963703060155,0.07063156934830475,0.055182699074213554,11.0
1.44006299E9,0.0,0.0,0.0,0.0,0.0,0.0,0.0,0.0,0.0,0.0,11.0,11.0,11.0,2.2363636363636363,3.1767952885702006E-58,3.1767952885702006E-58,3.1767952885702006E-58,4.224610462281783E-59,0.1514965571812242,1.6664621289934658,0.28595970826367034,0.23658272310850695,0.07063156934830474,0.05518269907421336,11.0,0.15149655718122415,1.6664621289934656,0.2859597082636704,0.25591963703060155,0.07063156934830475,0.055182699074213554,11.0
1.440062991E9,0.0,0.0,0.0,0.0,0.0,0.0,0.0,0.0,0.0,0.0,11.0,11.0,11.0,2.2363636363636363,3.1767952885702006E-58,3.1767952885702006E-58,3.1767952885702006E-58,4.224610462281783E-59,0.1514965571812242,1.6664621289934658,0.28595970826367034,0.23658272310850695,0.07063156934830474,0.05518269907421336,11.0,0.15149655718122415,1.6664621289934656,0.2859597082636704,0.25591963703060155,0.07063156934830475,0.055182699074213554,11.0
1.440062992E9,0.0,0.0,0.0,0.0,0.0,0.0,0.0,0.0,0.0,0.0,11.0,11.0,11.0,2.2363636363636363,3.1767952885702006E-58,3.1767952885702006E-58,3.1767952885702006E-58,4.224610462281783E-59,0.1514965571812242,1.6664621289934658,0.28595970826367034,0.23658272310850695,0.07063156934830474,0.05518269907421336,11.0,0.15149655718122415,1.6664621289934656,0.2859597082636704,0.25591963703060155,0.07063156934830475,0.055182699074213554,11.0
1.440062993E9,0.0,0.0,0.0,0.0,0.0,0.0,0.0,0.0,0.0,0.0,11.0,11.0,11.0,2.2363636363636363,3.1767952885702006E-58,3.1767952885702006E-58,3.1767952885702006E-58,4.224610462281783E-59,0.1514965571812242,1.6664621289934658,0.28595970826367034,0.23658272310850695,0.07063156934830474,0.05518269907421336,11.0,0.15149655718122415,1.6664621289934656,0.2859597082636704,0.25591963703060155,0.07063156934830475,0.055182699074213554,11.0
1.440062994E9,0.0,0.0,0.0,0.0,0.0,0.0,0.0,0.0,0.0,0.0,11.0,11.0,11.0,2.2363636363636363,3.1767952885702006E-58,3.1767952885702006E-58,3.1767952885702006E-58,4.224610462281783E-59,0.1514965571812242,1.6664621289934658,0.28595970826367034,0.23658272310850695,0.07063156934830474,0.05518269907421336,11.0,0.15149655718122415,1.6664621289934656,0.2859597082636704,0.25591963703060155,0.07063156934830475,0.055182699074213554,11.0
1.440062995E9,0.0,0.0,0.0,0.0,0.0,0.0,0.0,0.0,0.0,0.0,11.0,11.0,11.0,2.2363636363636363,3.1767952885702006E-58,3.1767952885702006E-58,3.1767952885702006E-58,4.224610462281783E-59,0.1514965571812242,1.6664621289934658,0.28595970826367034,0.23658272310850695,0.07063156934830474,0.05518269907421336,11.0,0.15149655718122415,1.6664621289934656,0.2859597082636704,0.25591963703060155,0.07063156934830475,0.055182699074213554,11.0
1.440062996E9,0.0,0.0,0.0,0.0,0.0,0.0,0.0,0.0,0.0,0.0,11.0,11.0,11.0,2.2363636363636363,3.1767952885702006E-58,3.1767952885702006E-58,3.1767952885702006E-58,4.224610462281783E-59,0.1514965571812242,1.6664621289934658,0.28595970826367034,0.23658272310850695,0.07063156934830474,0.05518269907421336,11.0,0.15149655718122415,1.6664621289934656,0.2859597082636704,0.25591963703060155,0.07063156934830475,0.055182699074213554,11.0
1.440062997E9,0.0,0.0,0.0,0.0,0.0,0.0,0.0,0.0,0.0,0.0,11.0,11.0,11.0,2.2363636363636363,3.1767952885702006E-58,3.1767952885702006E-58,3.1767952885702006E-58,4.224610462281783E-59,0.1514965571812242,1.6664621289934658,0.28595970826367034,0.23658272310850695,0.07063156934830474,0.05518269907421336,11.0,0.15149655718122415,1.6664621289934656,0.2859597082636704,0.25591963703060155,0.07063156934830475,0.055182699074213554,11.0
1.440062998E9,0.0,0.0,0.0,0.0,0.0,0.0,0.0,0.0,0.0,0.0,11.0,11.0,11.0,2.2363636363636363,3.1767952885702006E-58,3.1767952885702006E-58,3.1767952885702006E-58,4.224610462281783E-59,0.1514965571812242,1.6664621289934658,0.28595970826367034,0.23658272310850695,0.07063156934830474,0.05518269907421336,11.0,0.15149655718122415,1.6664621289934656,0.2859597082636704,0.25591963703060155,0.07063156934830475,0.055182699074213554,11.0
1.440062999E9,0.0,0.0,0.0,0.0,0.0,0.0,0.0,0.0,0.0,0.0,11.0,11.0,11.0,2.2363636363636363,3.1767952885702006E-58,3.1767952885702006E-58,3.1767952885702006E-58,4.224610462281783E-59,0.1514965571812242,1.6664621289934658,0.28595970826367034,0.23658272310850695,0.07063156934830474,0.05518269907421336,11.0,0.15149655718122415,1.6664621289934656,0.2859597082636704,0.25591963703060155,0.07063156934830475,0.055182699074213554,11.0
1.440063E9,0.0,0.0,0.0,0.0,0.0,0.0,0.0,0.0,0.0,0.0,11.0,11.0,11.0,2.2363636363636363,3.1767952885702006E-58,3.1767952885702006E-58,3.1767952885702006E-58,4.224610462281783E-59,0.1514965571812242,1.6664621289934658,0.28595970826367034,0.23658272310850695,0.07063156934830474,0.05518269907421336,11.0,0.15149655718122415,1.6664621289934656,0.2859597082636704,0.25591963703060155,0.07063156934830475,0.055182699074213554,11.0
1.440063001E9,0.0,0.0,0.0,0.0,0.0,0.0,0.0,0.0,0.0,0.0,11.0,11.0,11.0,2.2363636363636363,3.1767952885702006E-58,3.1767952885702006E-58,3.1767952885702006E-58,4.224610462281783E-59,0.1514965571812242,1.6664621289934658,0.28595970826367034,0.23658272310850695,0.07063156934830474,0.05518269907421336,11.0,0.15149655718122415,1.6664621289934656,0.2859597082636704,0.25591963703060155,0.07063156934830475,0.055182699074213554,11.0
1.440063002E9,0.0,0.0,0.0,0.0,0.0,0.0,0.0,0.0,0.0,0.0,11.0,11.0,11.0,2.2363636363636363,3.1767952885702006E-58,3.1767952885702006E-58,3.1767952885702006E-58,4.224610462281783E-59,0.1514965571812242,1.6664621289934658,0.28595970826367034,0.23658272310850695,0.07063156934830474,0.05518269907421336,11.0,0.15149655718122415,1.6664621289934656,0.2859597082636704,0.25591963703060155,0.07063156934830475,0.055182699074213554,11.0
1.440063003E9,0.0,0.0,0.0,0.0,0.0,0.0,0.0,0.0,0.0,0.0,11.0,11.0,11.0,2.2363636363636363,3.1767952885702006E-58,3.1767952885702006E-58,3.1767952885702006E-58,4.224610462281783E-59,0.1514965571812242,1.6664621289934658,0.28595970826367034,0.23658272310850695,0.07063156934830474,0.05518269907421336,11.0,0.15149655718122415,1.6664621289934656,0.2859597082636704,0.25591963703060155,0.07063156934830475,0.055182699074213554,11.0
1.440063004E9,0.0,0.0,0.0,0.0,0.0,0.0,0.0,0.0,0.0,0.0,11.0,11.0,11.0,2.2363636363636363,3.1767952885702006E-58,3.1767952885702006E-58,3.1767952885702006E-58,4.224610462281783E-59,0.1514965571812242,1.6664621289934658,0.28595970826367034,0.23658272310850695,0.07063156934830474,0.05518269907421336,11.0,0.15149655718122415,1.6664621289934656,0.2859597082636704,0.25591963703060155,0.07063156934830475,0.055182699074213554,11.0
1.440063005E9,0.0,0.0,0.0,0.0,0.0,0.0,0.0,0.0,0.0,0.0,11.0,11.0,11.0,2.2363636363636363,3.1767952885702006E-58,3.1767952885702006E-58,3.1767952885702006E-58,4.224610462281783E-59,0.1514965571812242,1.6664621289934658,0.28595970826367034,0.23658272310850695,0.07063156934830474,0.05518269907421336,11.0,0.15149655718122415,1.6664621289934656,0.2859597082636704,0.25591963703060155,0.07063156934830475,0.055182699074213554,11.0
1.440063006E9,0.0,0.0,0.0,0.0,0.0,0.0,0.0,0.0,0.0,0.0,11.0,11.0,11.0,2.2363636363636363,3.1767952885702006E-58,3.1767952885702006E-58,3.1767952885702006E-58,4.224610462281783E-59,0.1514965571812242,1.6664621289934658,0.28595970826367034,0.23658272310850695,0.07063156934830474,0.05518269907421336,11.0,0.15149655718122415,1.6664621289934656,0.2859597082636704,0.25591963703060155,0.07063156934830475,0.055182699074213554,11.0
1.440063007E9,0.0,0.0,0.0,0.0,0.0,0.0,0.0,0.0,0.0,0.0,11.0,11.0,11.0,2.2363636363636363,3.1767952885702006E-58,3.1767952885702006E-58,3.1767952885702006E-58,4.224610462281783E-59,0.1514965571812242,1.6664621289934658,0.28595970826367034,0.23658272310850695,0.07063156934830474,0.05518269907421336,11.0,0.15149655718122415,1.6664621289934656,0.2859597082636704,0.25591963703060155,0.07063156934830475,0.055182699074213554,11.0
1.440063008E9,0.0,0.0,0.0,0.0,0.0,0.0,0.0,0.0,0.0,0.0,11.0,11.0,11.0,2.2363636363636363,3.1767952885702006E-58,3.1767952885702006E-58,3.1767952885702006E-58,4.224610462281783E-59,0.1514965571812242,1.6664621289934658,0.28595970826367034,0.23658272310850695,0.07063156934830474,0.05518269907421336,11.0,0.15149655718122415,1.6664621289934656,0.2859597082636704,0.25591963703060155,0.07063156934830475,0.055182699074213554,11.0
1.440063009E9,0.0,0.0,0.0,0.0,0.0,0.0,0.0,0.0,0.0,0.0,11.0,11.0,11.0,2.2363636363636363,3.1767952885702006E-58,3.1767952885702006E-58,3.1767952885702006E-58,4.224610462281783E-59,0.1514965571812242,1.6664621289934658,0.28595970826367034,0.23658272310850695,0.07063156934830474,0.05518269907421336,11.0,0.15149655718122415,1.6664621289934656,0.2859597082636704,0.25591963703060155,0.07063156934830475,0.055182699074213554,11.0
1.44006301E9,0.0,0.0,0.0,0.0,0.0,0.0,0.0,0.0,0.0,0.0,11.0,11.0,11.0,2.2363636363636363,3.1767952885702006E-58,3.1767952885702006E-58,3.1767952885702006E-58,4.224610462281783E-59,0.1514965571812242,1.6664621289934658,0.28595970826367034,0.23658272310850695,0.07063156934830474,0.05518269907421336,11.0,0.15149655718122415,1.6664621289934656,0.2859597082636704,0.25591963703060155,0.07063156934830475,0.055182699074213554,11.0
1.440063011E9,0.0,0.0,0.0,0.0,0.0,0.0,0.0,0.0,0.0,0.0,11.0,11.0,11.0,2.2363636363636363,3.1767952885702006E-58,3.1767952885702006E-58,3.1767952885702006E-58,4.224610462281783E-59,0.1514965571812242,1.6664621289934658,0.28595970826367034,0.23658272310850695,0.07063156934830474,0.05518269907421336,11.0,0.15149655718122415,1.6664621289934656,0.2859597082636704,0.25591963703060155,0.07063156934830475,0.055182699074213554,11.0
1.440063012E9,0.0,0.0,0.0,0.0,0.0,0.0,0.0,0.0,0.0,0.0,11.0,11.0,11.0,2.2363636363636363,3.1767952885702006E-58,3.1767952885702006E-58,3.1767952885702006E-58,4.224610462281783E-59,0.1514965571812242,1.6664621289934658,0.28595970826367034,0.23658272310850695,0.07063156934830474,0.05518269907421336,11.0,0.15149655718122415,1.6664621289934656,0.2859597082636704,0.25591963703060155,0.07063156934830475,0.055182699074213554,11.0
1.440063013E9,0.0,0.0,0.0,0.0,0.0,0.0,0.0,0.0,0.0,0.0,11.0,11.0,11.0,2.2363636363636363,3.1767952885702006E-58,3.1767952885702006E-58,3.1767952885702006E-58,4.224610462281783E-59,0.1514965571812242,1.6664621289934658,0.28595970826367034,0.23658272310850695,0.07063156934830474,0.05518269907421336,11.0,0.15149655718122415,1.6664621289934656,0.2859597082636704,0.25591963703060155,0.07063156934830475,0.055182699074213554,11.0
1.440063014E9,0.0,0.0,0.0,0.0,0.0,0.0,0.0,0.0,0.0,0.0,11.0,11.0,11.0,2.2363636363636363,3.1767952885702006E-58,3.1767952885702006E-58,3.1767952885702006E-58,4.224610462281783E-59,0.1514965571812242,1.6664621289934658,0.28595970826367034,0.23658272310850695,0.07063156934830474,0.05518269907421336,11.0,0.15149655718122415,1.6664621289934656,0.2859597082636704,0.25591963703060155,0.07063156934830475,0.055182699074213554,11.0
1.440063015E9,0.0,0.0,0.0,0.0,0.0,0.0,0.0,0.0,0.0,0.0,11.0,11.0,11.0,2.2363636363636363,3.1767952885702006E-58,3.1767952885702006E-58,3.1767952885702006E-58,4.224610462281783E-59,0.1514965571812242,1.6664621289934658,0.28595970826367034,0.23658272310850695,0.07063156934830474,0.05518269907421336,11.0,0.15149655718122415,1.6664621289934656,0.2859597082636704,0.25591963703060155,0.07063156934830475,0.055182699074213554,11.0
1.440063016E9,0.0,0.0,0.0,0.0,0.0,0.0,0.0,0.0,0.0,0.0,11.0,11.0,11.0,2.2363636363636363,3.1767952885702006E-58,3.1767952885702006E-58,3.1767952885702006E-58,4.224610462281783E-59,0.1514965571812242,1.6664621289934658,0.28595970826367034,0.23658272310850695,0.07063156934830474,0.05518269907421336,11.0,0.15149655718122415,1.6664621289934656,0.2859597082636704,0.25591963703060155,0.07063156934830475,0.055182699074213554,11.0
1.440063017E9,0.0,0.0,0.0,0.0,0.0,0.0,0.0,0.0,0.0,0.0,11.0,11.0,11.0,2.2363636363636363,3.1767952885702006E-58,3.1767952885702006E-58,3.1767952885702006E-58,4.224610462281783E-59,0.1514965571812242,1.6664621289934658,0.28595970826367034,0.23658272310850695,0.07063156934830474,0.05518269907421336,11.0,0.15149655718122415,1.6664621289934656,0.2859597082636704,0.25591963703060155,0.07063156934830475,0.055182699074213554,11.0
1.440063018E9,0.0,0.0,0.0,0.0,0.0,0.0,0.0,0.0,0.0,0.0,11.0,11.0,11.0,2.2363636363636363,3.1767952885702006E-58,3.1767952885702006E-58,3.1767952885702006E-58,4.224610462281783E-59,0.1514965571812242,1.6664621289934658,0.28595970826367034,0.23658272310850695,0.07063156934830474,0.05518269907421336,11.0,0.15149655718122415,1.6664621289934656,0.2859597082636704,0.25591963703060155,0.07063156934830475,0.055182699074213554,11.0
