# of Epoch,# of Aggregation Epoch,Min. Aggregation Epoch,Max Aggregation Epoch,# of Push Mess.,# of Pull-Push Mess.,# of Pull Mess.,# of Outcome=FIRST,# of Outcomes=DOUBLE,# of Outcomes=REPLACE,# of Outcomes=UNSUCCESSFUL,AMD Counter,SMA Counter,DMA Counter,AMS Counter,AMD F.P. Prob.,SMA F.P. Prob.,DMA F.P. Prob.,AMS F.P. Prob.,Avegare (Estimated),Sum (Estimated),Sum Square (Estimated),Max (Estimated),Min (Estimated),Stand. Deviation (Estimated),Count (Estimated),Avegare (Actual),Sum (Actual),Sum Square (Actual),Max (Actual),Min (Actual),Stand. Deviation (Actual),Count (Actual)
1.440062608E9,NaN,NaN,NaN,0.0,0.0,0.0,0.0,0.0,0.0,0.0,NaN,NaN,NaN,NaN,NaN,NaN,NaN,NaN,0.0,0.0,0.0,0.0,0.0,0.0,0.0,0.7349695846270272,0.7349695846270272,0.5401802903268249,0.7349695846270272,0.7349695846270272,0.0,1.0
1.440062609E9,NaN,NaN,NaN,0.0,0.0,0.0,0.0,0.0,0.0,0.0,NaN,NaN,NaN,NaN,NaN,NaN,NaN,NaN,0.0,0.0,0.0,0.0,0.0,0.0,0.0,0.8112967807294448,2.4338903421883344,1.9833749879848512,0.8532569181050697,0.7349695846270272,0.054060425201709825,3.0
1.44006261E9,NaN,NaN,NaN,0.0,0.0,0.0,0.0,0.0,0.0,0.0,NaN,NaN,NaN,NaN,NaN,NaN,NaN,NaN,0.0,0.0,0.0,0.0,0.0,0.0,0.0,0.8112967807294448,2.4338903421883344,1.9833749879848512,0.8532569181050697,0.7349695846270272,0.054060425201709825,3.0
1.440062611E9,NaN,NaN,NaN,0.0,0.0,0.0,0.0,0.0,0.0,0.0,NaN,NaN,NaN,NaN,NaN,NaN,NaN,NaN,0.0,0.0,0.0,0.0,0.0,0.0,0.0,0.8112967807294448,2.4338903421883344,1.9833749879848512,0.8532569181050697,0.7349695846270272,0.054060425201709825,3.0
1.440062612E9,NaN,NaN,NaN,0.0,0.0,0.0,0.0,0.0,0.0,0.0,NaN,NaN,NaN,NaN,NaN,NaN,NaN,NaN,0.0,0.0,0.0,0.0,0.0,0.0,0.0,0.8112967807294448,2.4338903421883344,1.9833749879848512,0.8532569181050697,0.7349695846270272,0.054060425201709825,3.0
1.440062613E9,NaN,NaN,NaN,0.0,0.0,0.0,0.0,0.0,0.0,0.0,NaN,NaN,NaN,NaN,NaN,NaN,NaN,NaN,0.0,0.0,0.0,0.0,0.0,0.0,0.0,0.8112967807294448,2.4338903421883344,1.9833749879848512,0.8532569181050697,0.7349695846270272,0.054060425201709825,3.0
1.440062614E9,NaN,NaN,NaN,0.0,0.0,0.0,0.0,0.0,0.0,0.0,NaN,NaN,NaN,NaN,NaN,NaN,NaN,NaN,0.0,0.0,0.0,0.0,0.0,0.0,0.0,0.8112967807294448,2.4338903421883344,1.9833749879848512,0.8532569181050697,0.7349695846270272,0.054060425201709825,3.0
1.440062615E9,NaN,NaN,NaN,0.0,0.0,0.0,0.0,0.0,0.0,0.0,NaN,NaN,NaN,NaN,NaN,NaN,NaN,NaN,0.0,0.0,0.0,0.0,0.0,0.0,0.0,0.8112967807294448,2.4338903421883344,1.9833749879848512,0.8532569181050697,0.7349695846270272,0.054060425201709825,3.0
1.440062616E9,NaN,NaN,NaN,0.0,0.0,0.0,0.0,0.0,0.0,0.0,NaN,NaN,NaN,NaN,NaN,NaN,NaN,NaN,0.0,0.0,0.0,0.0,0.0,0.0,0.0,0.8112967807294448,2.4338903421883344,1.9833749879848512,0.8532569181050697,0.7349695846270272,0.054060425201709825,3.0
1.440062617E9,NaN,NaN,NaN,0.0,0.0,0.0,0.0,0.0,0.0,0.0,NaN,NaN,NaN,NaN,NaN,NaN,NaN,NaN,0.0,0.0,0.0,0.0,0.0,0.0,0.0,0.8112967807294448,2.4338903421883344,1.9833749879848512,0.8532569181050697,0.7349695846270272,0.054060425201709825,3.0
1.440062618E9,NaN,NaN,NaN,0.0,0.0,0.0,0.0,0.0,0.0,0.0,NaN,NaN,NaN,NaN,NaN,NaN,NaN,NaN,0.0,0.0,0.0,0.0,0.0,0.0,0.0,0.8112967807294448,2.4338903421883344,1.9833749879848512,0.8532569181050697,0.7349695846270272,0.054060425201709825,3.0
1.440062619E9,NaN,NaN,NaN,0.0,0.0,0.0,0.0,0.0,0.0,0.0,NaN,NaN,NaN,NaN,NaN,NaN,NaN,NaN,0.0,0.0,0.0,0.0,0.0,0.0,0.0,0.8112967807294448,2.4338903421883344,1.9833749879848512,0.8532569181050697,0.7349695846270272,0.054060425201709825,3.0
1.44006262E9,NaN,NaN,NaN,0.0,0.0,0.0,0.0,0.0,0.0,0.0,NaN,NaN,NaN,NaN,NaN,NaN,NaN,NaN,0.0,0.0,0.0,0.0,0.0,0.0,0.0,0.8112967807294448,2.4338903421883344,1.9833749879848512,0.8532569181050697,0.7349695846270272,0.054060425201709825,3.0
1.440062621E9,NaN,NaN,NaN,0.0,0.0,0.0,0.0,0.0,0.0,0.0,NaN,NaN,NaN,NaN,NaN,NaN,NaN,NaN,0.0,0.0,0.0,0.0,0.0,0.0,0.0,0.8112967807294448,2.4338903421883344,1.9833749879848512,0.8532569181050697,0.7349695846270272,0.054060425201709825,3.0
1.440062622E9,NaN,NaN,NaN,0.0,0.0,0.0,0.0,0.0,0.0,0.0,NaN,NaN,NaN,NaN,NaN,NaN,NaN,NaN,0.0,0.0,0.0,0.0,0.0,0.0,0.0,0.8112967807294448,2.4338903421883344,1.9833749879848512,0.8532569181050697,0.7349695846270272,0.054060425201709825,3.0
1.440062623E9,0.0,0.0,0.0,0.0,0.0,0.0,0.0,0.0,0.0,0.0,1.0,1.0,1.0,0.2,3.370101675552103E-83,3.370101675552103E-83,3.370101675552103E-83,6.740203351104207E-84,0.2449898615423424,0.2449898615423424,0.1800600967756083,0.2449898615423424,0.2449898615423424,0.0,0.3333333333333333,0.8112967807294448,2.4338903421883344,1.9833749879848512,0.8532569181050697,0.7349695846270272,0.054060425201709825,3.0
1.440062624E9,0.0,0.0,0.0,0.0,0.0,0.0,0.0,0.0,0.0,0.0,1.0,1.0,1.0,0.2,3.370101675552103E-83,3.370101675552103E-83,3.370101675552103E-83,6.740203351104207E-84,0.5294088342440323,0.5294088342440323,0.42274255287366214,0.5294088342440323,0.5294088342440323,0.0,0.6666666666666666,0.8112967807294448,2.4338903421883344,1.9833749879848512,0.8532569181050697,0.7349695846270272,0.054060425201709825,3.0
1.440062625E9,0.0,0.0,0.0,6.0,0.0,5.0,5.0,0.0,0.0,0.0,2.6666666666666665,2.6666666666666665,2.6666666666666665,0.5333333333333333,6.290109970937894E-72,6.290109970937894E-72,6.290109970937894E-72,1.2580219941875788E-72,0.8240179800798476,2.188900480645992,1.803314891209243,0.8532569181050697,0.7718676695700973,0.03730579657594694,2.6666666666666665,0.8112967807294448,2.4338903421883344,1.9833749879848512,0.8532569181050697,0.7349695846270272,0.054060425201709825,3.0
1.440062626E9,0.0,0.0,0.0,1.0,0.0,1.0,1.0,0.0,0.0,0.0,3.0,3.0,3.0,0.6,9.43488349130333E-72,9.43488349130333E-72,9.43488349130333E-72,1.8869766982606656E-72,0.8112967807294448,2.4338903421883344,1.9833749879848515,0.8532569181050697,0.7349695846270272,0.05406042520170982,3.0,0.8112967807294448,2.4338903421883344,1.9833749879848512,0.8532569181050697,0.7349695846270272,0.054060425201709825,3.0
1.440062627E9,0.0,0.0,0.0,0.0,0.0,0.0,0.0,0.0,0.0,0.0,3.0,3.0,3.0,0.6,9.43488349130333E-72,9.43488349130333E-72,9.43488349130333E-72,1.8869766982606656E-72,0.8112967807294448,2.4338903421883344,1.9833749879848515,0.8532569181050697,0.7349695846270272,0.05406042520170982,3.0,0.8112967807294448,2.4338903421883344,1.9833749879848512,0.8532569181050697,0.7349695846270272,0.054060425201709825,3.0
1.440062628E9,0.0,0.0,0.0,0.0,0.0,0.0,0.0,0.0,0.0,0.0,3.0,3.0,3.0,0.6,9.43488349130333E-72,9.43488349130333E-72,9.43488349130333E-72,1.8869766982606656E-72,0.8112967807294448,2.4338903421883344,1.9833749879848515,0.8532569181050697,0.7349695846270272,0.05406042520170982,3.0,0.8112967807294448,2.4338903421883344,1.9833749879848512,0.8532569181050697,0.7349695846270272,0.054060425201709825,3.0
1.440062629E9,0.0,0.0,0.0,0.0,0.0,0.0,0.0,0.0,0.0,0.0,3.0,3.0,3.0,0.6,9.43488349130333E-72,9.43488349130333E-72,9.43488349130333E-72,1.8869766982606656E-72,0.8112967807294448,2.4338903421883344,1.9833749879848515,0.8532569181050697,0.7349695846270272,0.05406042520170982,3.0,0.8112967807294448,2.4338903421883344,1.9833749879848512,0.8532569181050697,0.7349695846270272,0.054060425201709825,3.0
1.44006263E9,0.0,0.0,0.0,0.0,0.0,0.0,0.0,0.0,0.0,0.0,3.0,3.0,3.0,0.6,9.43488349130333E-72,9.43488349130333E-72,9.43488349130333E-72,1.8869766982606656E-72,0.8112967807294448,2.4338903421883344,1.9833749879848515,0.8532569181050697,0.7349695846270272,0.05406042520170982,3.0,0.8112967807294448,2.4338903421883344,1.9833749879848512,0.8532569181050697,0.7349695846270272,0.054060425201709825,3.0
1.440062631E9,0.0,0.0,0.0,0.0,0.0,0.0,0.0,0.0,0.0,0.0,3.0,3.0,3.0,0.6,9.43488349130333E-72,9.43488349130333E-72,9.43488349130333E-72,1.8869766982606656E-72,0.8112967807294448,2.4338903421883344,1.9833749879848515,0.8532569181050697,0.7349695846270272,0.05406042520170982,3.0,0.8112967807294448,2.4338903421883344,1.9833749879848512,0.8532569181050697,0.7349695846270272,0.054060425201709825,3.0
1.440062632E9,0.0,0.0,0.0,0.0,0.0,0.0,0.0,0.0,0.0,0.0,3.0,3.0,3.0,0.6,9.43488349130333E-72,9.43488349130333E-72,9.43488349130333E-72,1.8869766982606656E-72,0.8112967807294448,2.4338903421883344,1.9833749879848515,0.8532569181050697,0.7349695846270272,0.05406042520170982,3.0,0.8112967807294448,2.4338903421883344,1.9833749879848512,0.8532569181050697,0.7349695846270272,0.054060425201709825,3.0
1.440062633E9,0.0,0.0,0.0,0.0,0.0,0.0,0.0,0.0,0.0,0.0,3.0,3.0,3.0,0.6,9.43488349130333E-72,9.43488349130333E-72,9.43488349130333E-72,1.8869766982606656E-72,0.8112967807294448,2.4338903421883344,1.9833749879848515,0.8532569181050697,0.7349695846270272,0.05406042520170982,3.0,0.8112967807294448,2.4338903421883344,1.9833749879848512,0.8532569181050697,0.7349695846270272,0.054060425201709825,3.0
1.440062634E9,0.0,0.0,0.0,0.0,0.0,0.0,0.0,0.0,0.0,0.0,3.0,3.0,3.0,0.6,9.43488349130333E-72,9.43488349130333E-72,9.43488349130333E-72,1.8869766982606656E-72,0.8112967807294448,2.4338903421883344,1.9833749879848515,0.8532569181050697,0.7349695846270272,0.05406042520170982,3.0,0.8112967807294448,2.4338903421883344,1.9833749879848512,0.8532569181050697,0.7349695846270272,0.054060425201709825,3.0
1.440062635E9,0.0,0.0,0.0,0.0,0.0,0.0,0.0,0.0,0.0,0.0,3.0,3.0,3.0,0.6,9.43488349130333E-72,9.43488349130333E-72,9.43488349130333E-72,1.8869766982606656E-72,0.8112967807294448,2.4338903421883344,1.9833749879848515,0.8532569181050697,0.7349695846270272,0.05406042520170982,3.0,0.8112967807294448,2.4338903421883344,1.9833749879848512,0.8532569181050697,0.7349695846270272,0.054060425201709825,3.0
1.440062636E9,0.0,0.0,0.0,0.0,0.0,0.0,0.0,0.0,0.0,0.0,3.0,3.0,3.0,0.6,9.43488349130333E-72,9.43488349130333E-72,9.43488349130333E-72,1.8869766982606656E-72,0.8112967807294448,2.4338903421883344,1.9833749879848515,0.8532569181050697,0.7349695846270272,0.05406042520170982,3.0,0.8112967807294448,2.4338903421883344,1.9833749879848512,0.8532569181050697,0.7349695846270272,0.054060425201709825,3.0
1.440062637E9,0.0,0.0,0.0,0.0,0.0,0.0,0.0,0.0,0.0,0.0,3.0,3.0,3.0,0.6,9.43488349130333E-72,9.43488349130333E-72,9.43488349130333E-72,1.8869766982606656E-72,0.8112967807294448,2.4338903421883344,1.9833749879848515,0.8532569181050697,0.7349695846270272,0.05406042520170982,3.0,0.8112967807294448,2.4338903421883344,1.9833749879848512,0.8532569181050697,0.7349695846270272,0.054060425201709825,3.0
1.440062638E9,0.0,0.0,0.0,0.0,0.0,0.0,0.0,0.0,0.0,0.0,3.0,3.0,3.0,0.6,9.43488349130333E-72,9.43488349130333E-72,9.43488349130333E-72,1.8869766982606656E-72,0.8112967807294448,2.4338903421883344,1.9833749879848515,0.8532569181050697,0.7349695846270272,0.05406042520170982,3.0,0.8112967807294448,2.4338903421883344,1.9833749879848512,0.8532569181050697,0.7349695846270272,0.054060425201709825,3.0
1.440062639E9,0.0,0.0,0.0,0.0,0.0,0.0,0.0,0.0,0.0,0.0,3.0,3.0,3.0,0.6,9.43488349130333E-72,9.43488349130333E-72,9.43488349130333E-72,1.8869766982606656E-72,0.8112967807294448,2.4338903421883344,1.9833749879848515,0.8532569181050697,0.7349695846270272,0.05406042520170982,3.0,0.8112967807294448,2.4338903421883344,1.9833749879848512,0.8532569181050697,0.7349695846270272,0.054060425201709825,3.0
1.44006264E9,0.0,0.0,0.0,0.0,0.0,0.0,0.0,0.0,0.0,0.0,3.0,3.0,3.0,0.6,9.43488349130333E-72,9.43488349130333E-72,9.43488349130333E-72,1.8869766982606656E-72,0.8112967807294448,2.4338903421883344,1.9833749879848515,0.8532569181050697,0.7349695846270272,0.05406042520170982,3.0,0.8112967807294448,2.4338903421883344,1.9833749879848512,0.8532569181050697,0.7349695846270272,0.054060425201709825,3.0
1.440062641E9,0.0,0.0,0.0,0.0,0.0,0.0,0.0,0.0,0.0,0.0,3.0,3.0,3.0,0.6,9.43488349130333E-72,9.43488349130333E-72,9.43488349130333E-72,1.8869766982606656E-72,0.8112967807294448,2.4338903421883344,1.9833749879848515,0.8532569181050697,0.7349695846270272,0.05406042520170982,3.0,0.8112967807294448,2.4338903421883344,1.9833749879848512,0.8532569181050697,0.7349695846270272,0.054060425201709825,3.0
1.440062642E9,0.0,0.0,0.0,0.0,0.0,0.0,0.0,0.0,0.0,0.0,3.0,3.0,3.0,0.6,9.43488349130333E-72,9.43488349130333E-72,9.43488349130333E-72,1.8869766982606656E-72,0.8112967807294448,2.4338903421883344,1.9833749879848515,0.8532569181050697,0.7349695846270272,0.05406042520170982,3.0,0.8112967807294448,2.4338903421883344,1.9833749879848512,0.8532569181050697,0.7349695846270272,0.054060425201709825,3.0
1.440062643E9,0.0,0.0,0.0,0.0,0.0,0.0,0.0,0.0,0.0,0.0,3.0,3.0,3.0,0.6,9.43488349130333E-72,9.43488349130333E-72,9.43488349130333E-72,1.8869766982606656E-72,0.8112967807294448,2.4338903421883344,1.9833749879848515,0.8532569181050697,0.7349695846270272,0.05406042520170982,3.0,0.8112967807294448,2.4338903421883344,1.9833749879848512,0.8532569181050697,0.7349695846270272,0.054060425201709825,3.0
1.440062644E9,0.0,0.0,0.0,0.0,0.0,0.0,0.0,0.0,0.0,0.0,3.0,3.0,3.0,0.6,9.43488349130333E-72,9.43488349130333E-72,9.43488349130333E-72,1.8869766982606656E-72,0.8112967807294448,2.4338903421883344,1.9833749879848515,0.8532569181050697,0.7349695846270272,0.05406042520170982,3.0,0.8112967807294448,2.4338903421883344,1.9833749879848512,0.8532569181050697,0.7349695846270272,0.054060425201709825,3.0
1.440062645E9,0.0,0.0,0.0,0.0,0.0,0.0,0.0,0.0,0.0,0.0,3.0,3.0,3.0,0.6,9.43488349130333E-72,9.43488349130333E-72,9.43488349130333E-72,1.8869766982606656E-72,0.8112967807294448,2.4338903421883344,1.9833749879848515,0.8532569181050697,0.7349695846270272,0.05406042520170982,3.0,0.8112967807294448,2.4338903421883344,1.9833749879848512,0.8532569181050697,0.7349695846270272,0.054060425201709825,3.0
1.440062646E9,0.0,0.0,0.0,0.0,0.0,0.0,0.0,0.0,0.0,0.0,3.0,3.0,3.0,0.6,9.43488349130333E-72,9.43488349130333E-72,9.43488349130333E-72,1.8869766982606656E-72,0.8112967807294448,2.4338903421883344,1.9833749879848515,0.8532569181050697,0.7349695846270272,0.05406042520170982,3.0,0.8112967807294448,2.4338903421883344,1.9833749879848512,0.8532569181050697,0.7349695846270272,0.054060425201709825,3.0
1.440062647E9,0.0,0.0,0.0,0.0,0.0,0.0,0.0,0.0,0.0,0.0,3.0,3.0,3.0,0.6,9.43488349130333E-72,9.43488349130333E-72,9.43488349130333E-72,1.8869766982606656E-72,0.8112967807294448,2.4338903421883344,1.9833749879848515,0.8532569181050697,0.7349695846270272,0.05406042520170982,3.0,0.8112967807294448,2.4338903421883344,1.9833749879848512,0.8532569181050697,0.7349695846270272,0.054060425201709825,3.0
1.440062648E9,0.0,0.0,0.0,0.0,0.0,0.0,0.0,0.0,0.0,0.0,3.0,3.0,3.0,0.6,9.43488349130333E-72,9.43488349130333E-72,9.43488349130333E-72,1.8869766982606656E-72,0.8112967807294448,2.4338903421883344,1.9833749879848515,0.8532569181050697,0.7349695846270272,0.05406042520170982,3.0,0.8112967807294448,2.4338903421883344,1.9833749879848512,0.8532569181050697,0.7349695846270272,0.054060425201709825,3.0
1.440062649E9,0.0,0.0,0.0,0.0,0.0,0.0,0.0,0.0,0.0,0.0,3.0,3.0,3.0,0.6,9.43488349130333E-72,9.43488349130333E-72,9.43488349130333E-72,1.8869766982606656E-72,0.8112967807294448,2.4338903421883344,1.9833749879848515,0.8532569181050697,0.7349695846270272,0.05406042520170982,3.0,0.8112967807294448,2.4338903421883344,1.9833749879848512,0.8532569181050697,0.7349695846270272,0.054060425201709825,3.0
1.44006265E9,0.0,0.0,0.0,0.0,0.0,0.0,0.0,0.0,0.0,0.0,3.0,3.0,3.0,0.6,9.43488349130333E-72,9.43488349130333E-72,9.43488349130333E-72,1.8869766982606656E-72,0.8112967807294448,2.4338903421883344,1.9833749879848515,0.8532569181050697,0.7349695846270272,0.05406042520170982,3.0,0.8112967807294448,2.4338903421883344,1.9833749879848512,0.8532569181050697,0.7349695846270272,0.054060425201709825,3.0
1.440062651E9,0.0,0.0,0.0,0.0,0.0,0.0,0.0,0.0,0.0,0.0,3.0,3.0,3.0,0.6,9.43488349130333E-72,9.43488349130333E-72,9.43488349130333E-72,1.8869766982606656E-72,0.8112967807294448,2.4338903421883344,1.9833749879848515,0.8532569181050697,0.7349695846270272,0.05406042520170982,3.0,0.8112967807294448,2.4338903421883344,1.9833749879848512,0.8532569181050697,0.7349695846270272,0.054060425201709825,3.0
1.440062652E9,0.0,0.0,0.0,0.0,0.0,0.0,0.0,0.0,0.0,0.0,3.0,3.0,3.0,0.6,9.43488349130333E-72,9.43488349130333E-72,9.43488349130333E-72,1.8869766982606656E-72,0.8112967807294448,2.4338903421883344,1.9833749879848515,0.8532569181050697,0.7349695846270272,0.05406042520170982,3.0,0.8112967807294448,2.4338903421883344,1.9833749879848512,0.8532569181050697,0.7349695846270272,0.054060425201709825,3.0
1.440062653E9,0.0,0.0,0.0,0.0,0.0,0.0,0.0,0.0,0.0,0.0,3.0,3.0,3.0,0.6,9.43488349130333E-72,9.43488349130333E-72,9.43488349130333E-72,1.8869766982606656E-72,0.8112967807294448,2.4338903421883344,1.9833749879848515,0.8532569181050697,0.7349695846270272,0.05406042520170982,3.0,0.8112967807294448,2.4338903421883344,1.9833749879848512,0.8532569181050697,0.7349695846270272,0.054060425201709825,3.0
1.440062654E9,0.0,0.0,0.0,0.0,0.0,0.0,0.0,0.0,0.0,0.0,3.0,3.0,3.0,0.6,9.43488349130333E-72,9.43488349130333E-72,9.43488349130333E-72,1.8869766982606656E-72,0.8112967807294448,2.4338903421883344,1.9833749879848515,0.8532569181050697,0.7349695846270272,0.05406042520170982,3.0,0.8112967807294448,2.4338903421883344,1.9833749879848512,0.8532569181050697,0.7349695846270272,0.054060425201709825,3.0
1.440062655E9,0.0,0.0,0.0,0.0,0.0,0.0,0.0,0.0,0.0,0.0,3.0,3.0,3.0,0.6,9.43488349130333E-72,9.43488349130333E-72,9.43488349130333E-72,1.8869766982606656E-72,0.8112967807294448,2.4338903421883344,1.9833749879848515,0.8532569181050697,0.7349695846270272,0.05406042520170982,3.0,0.8112967807294448,2.4338903421883344,1.9833749879848512,0.8532569181050697,0.7349695846270272,0.054060425201709825,3.0
1.440062656E9,0.0,0.0,0.0,0.0,0.0,0.0,0.0,0.0,0.0,0.0,3.0,3.0,3.0,0.6,9.43488349130333E-72,9.43488349130333E-72,9.43488349130333E-72,1.8869766982606656E-72,0.8112967807294448,2.4338903421883344,1.9833749879848515,0.8532569181050697,0.7349695846270272,0.05406042520170982,3.0,0.8112967807294448,2.4338903421883344,1.9833749879848512,0.8532569181050697,0.7349695846270272,0.054060425201709825,3.0
1.440062657E9,0.0,0.0,0.0,0.0,0.0,0.0,0.0,0.0,0.0,0.0,3.0,3.0,3.0,0.6,9.43488349130333E-72,9.43488349130333E-72,9.43488349130333E-72,1.8869766982606656E-72,0.8112967807294448,2.4338903421883344,1.9833749879848515,0.8532569181050697,0.7349695846270272,0.05406042520170982,3.0,0.8112967807294448,2.4338903421883344,1.9833749879848512,0.8532569181050697,0.7349695846270272,0.054060425201709825,3.0
1.440062658E9,0.0,0.0,0.0,0.0,0.0,0.0,0.0,0.0,0.0,0.0,3.0,3.0,3.0,0.6,9.43488349130333E-72,9.43488349130333E-72,9.43488349130333E-72,1.8869766982606656E-72,0.8112967807294448,2.4338903421883344,1.9833749879848515,0.8532569181050697,0.7349695846270272,0.05406042520170982,3.0,0.8112967807294448,2.4338903421883344,1.9833749879848512,0.8532569181050697,0.7349695846270272,0.054060425201709825,3.0
1.440062659E9,0.0,0.0,0.0,0.0,0.0,0.0,0.0,0.0,0.0,0.0,3.0,3.0,3.0,0.6,9.43488349130333E-72,9.43488349130333E-72,9.43488349130333E-72,1.8869766982606656E-72,0.8112967807294448,2.4338903421883344,1.9833749879848515,0.8532569181050697,0.7349695846270272,0.05406042520170982,3.0,0.8112967807294448,2.4338903421883344,1.9833749879848512,0.8532569181050697,0.7349695846270272,0.054060425201709825,3.0
1.44006266E9,0.0,0.0,0.0,0.0,0.0,0.0,0.0,0.0,0.0,0.0,3.0,3.0,3.0,0.6,9.43488349130333E-72,9.43488349130333E-72,9.43488349130333E-72,1.8869766982606656E-72,0.8112967807294448,2.4338903421883344,1.9833749879848515,0.8532569181050697,0.7349695846270272,0.05406042520170982,3.0,0.8112967807294448,2.4338903421883344,1.9833749879848512,0.8532569181050697,0.7349695846270272,0.054060425201709825,3.0
1.440062661E9,0.0,0.0,0.0,0.0,0.0,0.0,0.0,0.0,0.0,0.0,3.0,3.0,3.0,0.6,9.43488349130333E-72,9.43488349130333E-72,9.43488349130333E-72,1.8869766982606656E-72,0.8112967807294448,2.4338903421883344,1.9833749879848515,0.8532569181050697,0.7349695846270272,0.05406042520170982,3.0,0.8112967807294448,2.4338903421883344,1.9833749879848512,0.8532569181050697,0.7349695846270272,0.054060425201709825,3.0
1.440062662E9,0.0,0.0,0.0,0.0,0.0,0.0,0.0,0.0,0.0,0.0,3.0,3.0,3.0,0.6,9.43488349130333E-72,9.43488349130333E-72,9.43488349130333E-72,1.8869766982606656E-72,0.8112967807294448,2.4338903421883344,1.9833749879848515,0.8532569181050697,0.7349695846270272,0.05406042520170982,3.0,0.8112967807294448,2.4338903421883344,1.9833749879848512,0.8532569181050697,0.7349695846270272,0.054060425201709825,3.0
1.440062663E9,0.0,0.0,0.0,0.0,0.0,0.0,0.0,0.0,0.0,0.0,3.0,3.0,3.0,0.6,9.43488349130333E-72,9.43488349130333E-72,9.43488349130333E-72,1.8869766982606656E-72,0.8112967807294448,2.4338903421883344,1.9833749879848515,0.8532569181050697,0.7349695846270272,0.05406042520170982,3.0,0.8112967807294448,2.4338903421883344,1.9833749879848512,0.8532569181050697,0.7349695846270272,0.054060425201709825,3.0
1.440062664E9,0.0,0.0,0.0,0.0,0.0,0.0,0.0,0.0,0.0,0.0,3.0,3.0,3.0,0.6,9.43488349130333E-72,9.43488349130333E-72,9.43488349130333E-72,1.8869766982606656E-72,0.8112967807294448,2.4338903421883344,1.9833749879848515,0.8532569181050697,0.7349695846270272,0.05406042520170982,3.0,0.8112967807294448,2.4338903421883344,1.9833749879848512,0.8532569181050697,0.7349695846270272,0.054060425201709825,3.0
1.440062665E9,0.0,0.0,0.0,0.0,0.0,0.0,0.0,0.0,0.0,0.0,3.0,3.0,3.0,0.6,9.43488349130333E-72,9.43488349130333E-72,9.43488349130333E-72,1.8869766982606656E-72,0.8112967807294448,2.4338903421883344,1.9833749879848515,0.8532569181050697,0.7349695846270272,0.05406042520170982,3.0,0.8112967807294448,2.4338903421883344,1.9833749879848512,0.8532569181050697,0.7349695846270272,0.054060425201709825,3.0
1.440062666E9,0.0,0.0,0.0,0.0,0.0,0.0,0.0,0.0,0.0,0.0,3.0,3.0,3.0,0.6,9.43488349130333E-72,9.43488349130333E-72,9.43488349130333E-72,1.8869766982606656E-72,0.8112967807294448,2.4338903421883344,1.9833749879848515,0.8532569181050697,0.7349695846270272,0.05406042520170982,3.0,0.8112967807294448,2.4338903421883344,1.9833749879848512,0.8532569181050697,0.7349695846270272,0.054060425201709825,3.0
1.440062667E9,0.0,0.0,0.0,0.0,0.0,0.0,0.0,0.0,0.0,0.0,3.0,3.0,3.0,0.6,9.43488349130333E-72,9.43488349130333E-72,9.43488349130333E-72,1.8869766982606656E-72,0.8112967807294448,2.4338903421883344,1.9833749879848515,0.8532569181050697,0.7349695846270272,0.05406042520170982,3.0,0.8112967807294448,2.4338903421883344,1.9833749879848512,0.8532569181050697,0.7349695846270272,0.054060425201709825,3.0
1.440062668E9,0.0,0.0,0.0,0.0,0.0,0.0,0.0,0.0,0.0,0.0,3.0,3.0,3.0,0.6,9.43488349130333E-72,9.43488349130333E-72,9.43488349130333E-72,1.8869766982606656E-72,0.8112967807294448,2.4338903421883344,1.9833749879848515,0.8532569181050697,0.7349695846270272,0.05406042520170982,3.0,0.8112967807294448,2.4338903421883344,1.9833749879848512,0.8532569181050697,0.7349695846270272,0.054060425201709825,3.0
1.440062669E9,0.0,0.0,0.0,0.0,0.0,0.0,0.0,0.0,0.0,0.0,3.0,3.0,3.0,0.6,9.43488349130333E-72,9.43488349130333E-72,9.43488349130333E-72,1.8869766982606656E-72,0.8112967807294448,2.4338903421883344,1.9833749879848515,0.8532569181050697,0.7349695846270272,0.05406042520170982,3.0,0.8112967807294448,2.4338903421883344,1.9833749879848512,0.8532569181050697,0.7349695846270272,0.054060425201709825,3.0
1.44006267E9,0.0,0.0,0.0,0.0,0.0,0.0,0.0,0.0,0.0,0.0,3.0,3.0,3.0,0.6,9.43488349130333E-72,9.43488349130333E-72,9.43488349130333E-72,1.8869766982606656E-72,0.8112967807294448,2.4338903421883344,1.9833749879848515,0.8532569181050697,0.7349695846270272,0.05406042520170982,3.0,0.8112967807294448,2.4338903421883344,1.9833749879848512,0.8532569181050697,0.7349695846270272,0.054060425201709825,3.0
1.440062671E9,0.0,0.0,0.0,0.0,0.0,0.0,0.0,0.0,0.0,0.0,3.0,3.0,3.0,0.6,9.43488349130333E-72,9.43488349130333E-72,9.43488349130333E-72,1.8869766982606656E-72,0.8112967807294448,2.4338903421883344,1.9833749879848515,0.8532569181050697,0.7349695846270272,0.05406042520170982,3.0,0.8112967807294448,2.4338903421883344,1.9833749879848512,0.8532569181050697,0.7349695846270272,0.054060425201709825,3.0
1.440062672E9,0.0,0.0,0.0,0.0,0.0,0.0,0.0,0.0,0.0,0.0,3.0,3.0,3.0,0.6,9.43488349130333E-72,9.43488349130333E-72,9.43488349130333E-72,1.8869766982606656E-72,0.8112967807294448,2.4338903421883344,1.9833749879848515,0.8532569181050697,0.7349695846270272,0.05406042520170982,3.0,0.8112967807294448,2.4338903421883344,1.9833749879848512,0.8532569181050697,0.7349695846270272,0.054060425201709825,3.0
1.440062673E9,0.0,0.0,0.0,0.0,0.0,0.0,0.0,0.0,0.0,0.0,3.0,3.0,3.0,0.6,9.43488349130333E-72,9.43488349130333E-72,9.43488349130333E-72,1.8869766982606656E-72,0.8112967807294448,2.4338903421883344,1.9833749879848515,0.8532569181050697,0.7349695846270272,0.05406042520170982,3.0,0.8112967807294448,2.4338903421883344,1.9833749879848512,0.8532569181050697,0.7349695846270272,0.054060425201709825,3.0
1.440062674E9,0.0,0.0,0.0,0.0,0.0,0.0,0.0,0.0,0.0,0.0,3.0,3.0,3.0,0.6,9.43488349130333E-72,9.43488349130333E-72,9.43488349130333E-72,1.8869766982606656E-72,0.8112967807294448,2.4338903421883344,1.9833749879848515,0.8532569181050697,0.7349695846270272,0.05406042520170982,3.0,0.8112967807294448,2.4338903421883344,1.9833749879848512,0.8532569181050697,0.7349695846270272,0.054060425201709825,3.0
1.440062675E9,0.0,0.0,0.0,0.0,0.0,0.0,0.0,0.0,0.0,0.0,3.0,3.0,3.0,0.6,9.43488349130333E-72,9.43488349130333E-72,9.43488349130333E-72,1.8869766982606656E-72,0.8112967807294448,2.4338903421883344,1.9833749879848515,0.8532569181050697,0.7349695846270272,0.05406042520170982,3.0,0.8112967807294448,2.4338903421883344,1.9833749879848512,0.8532569181050697,0.7349695846270272,0.054060425201709825,3.0
1.440062676E9,0.0,0.0,0.0,0.0,0.0,0.0,0.0,0.0,0.0,0.0,3.0,3.0,3.0,0.6,9.43488349130333E-72,9.43488349130333E-72,9.43488349130333E-72,1.8869766982606656E-72,0.8112967807294448,2.4338903421883344,1.9833749879848515,0.8532569181050697,0.7349695846270272,0.05406042520170982,3.0,0.8112967807294448,2.4338903421883344,1.9833749879848512,0.8532569181050697,0.7349695846270272,0.054060425201709825,3.0
1.440062677E9,0.0,0.0,0.0,0.0,0.0,0.0,0.0,0.0,0.0,0.0,3.0,3.0,3.0,0.6,9.43488349130333E-72,9.43488349130333E-72,9.43488349130333E-72,1.8869766982606656E-72,0.8112967807294448,2.4338903421883344,1.9833749879848515,0.8532569181050697,0.7349695846270272,0.05406042520170982,3.0,0.8112967807294448,2.4338903421883344,1.9833749879848512,0.8532569181050697,0.7349695846270272,0.054060425201709825,3.0
1.440062678E9,0.0,0.0,0.0,0.0,0.0,0.0,0.0,0.0,0.0,0.0,3.0,3.0,3.0,0.6,9.43488349130333E-72,9.43488349130333E-72,9.43488349130333E-72,1.8869766982606656E-72,0.8112967807294448,2.4338903421883344,1.9833749879848515,0.8532569181050697,0.7349695846270272,0.05406042520170982,3.0,0.8112967807294448,2.4338903421883344,1.9833749879848512,0.8532569181050697,0.7349695846270272,0.054060425201709825,3.0
1.440062679E9,0.0,0.0,0.0,0.0,0.0,0.0,0.0,0.0,0.0,0.0,3.0,3.0,3.0,0.6,9.43488349130333E-72,9.43488349130333E-72,9.43488349130333E-72,1.8869766982606656E-72,0.8112967807294448,2.4338903421883344,1.9833749879848515,0.8532569181050697,0.7349695846270272,0.05406042520170982,3.0,0.8112967807294448,2.4338903421883344,1.9833749879848512,0.8532569181050697,0.7349695846270272,0.054060425201709825,3.0
1.44006268E9,0.0,0.0,0.0,0.0,0.0,0.0,0.0,0.0,0.0,0.0,3.0,3.0,3.0,0.6,9.43488349130333E-72,9.43488349130333E-72,9.43488349130333E-72,1.8869766982606656E-72,0.8112967807294448,2.4338903421883344,1.9833749879848515,0.8532569181050697,0.7349695846270272,0.05406042520170982,3.0,0.8112967807294448,2.4338903421883344,1.9833749879848512,0.8532569181050697,0.7349695846270272,0.054060425201709825,3.0
1.440062681E9,0.0,0.0,0.0,0.0,0.0,0.0,0.0,0.0,0.0,0.0,3.0,3.0,3.0,0.6,9.43488349130333E-72,9.43488349130333E-72,9.43488349130333E-72,1.8869766982606656E-72,0.8112967807294448,2.4338903421883344,1.9833749879848515,0.8532569181050697,0.7349695846270272,0.05406042520170982,3.0,0.8112967807294448,2.4338903421883344,1.9833749879848512,0.8532569181050697,0.7349695846270272,0.054060425201709825,3.0
1.440062682E9,0.0,0.0,0.0,0.0,0.0,0.0,0.0,0.0,0.0,0.0,3.0,3.0,3.0,0.6,9.43488349130333E-72,9.43488349130333E-72,9.43488349130333E-72,1.8869766982606656E-72,0.8112967807294448,2.4338903421883344,1.9833749879848515,0.8532569181050697,0.7349695846270272,0.05406042520170982,3.0,0.8112967807294448,2.4338903421883344,1.9833749879848512,0.8532569181050697,0.7349695846270272,0.054060425201709825,3.0
1.440062683E9,0.0,0.0,0.0,0.0,0.0,0.0,0.0,0.0,0.0,0.0,3.0,3.0,3.0,0.6,9.43488349130333E-72,9.43488349130333E-72,9.43488349130333E-72,1.8869766982606656E-72,0.8112967807294448,2.4338903421883344,1.9833749879848515,0.8532569181050697,0.7349695846270272,0.05406042520170982,3.0,0.8112967807294448,2.4338903421883344,1.9833749879848512,0.8532569181050697,0.7349695846270272,0.054060425201709825,3.0
1.440062684E9,0.0,0.0,0.0,0.0,0.0,0.0,0.0,0.0,0.0,0.0,3.0,3.0,3.0,0.6,9.43488349130333E-72,9.43488349130333E-72,9.43488349130333E-72,1.8869766982606656E-72,0.8112967807294448,2.4338903421883344,1.9833749879848515,0.8532569181050697,0.7349695846270272,0.05406042520170982,3.0,0.8112967807294448,2.4338903421883344,1.9833749879848512,0.8532569181050697,0.7349695846270272,0.054060425201709825,3.0
1.440062685E9,0.0,0.0,0.0,0.0,0.0,0.0,0.0,0.0,0.0,0.0,3.0,3.0,3.0,0.6,9.43488349130333E-72,9.43488349130333E-72,9.43488349130333E-72,1.8869766982606656E-72,0.8112967807294448,2.4338903421883344,1.9833749879848515,0.8532569181050697,0.7349695846270272,0.05406042520170982,3.0,0.8112967807294448,2.4338903421883344,1.9833749879848512,0.8532569181050697,0.7349695846270272,0.054060425201709825,3.0
1.440062686E9,0.0,0.0,0.0,0.0,0.0,0.0,0.0,0.0,0.0,0.0,3.0,3.0,3.0,0.6,9.43488349130333E-72,9.43488349130333E-72,9.43488349130333E-72,1.8869766982606656E-72,0.8112967807294448,2.4338903421883344,1.9833749879848515,0.8532569181050697,0.7349695846270272,0.05406042520170982,3.0,0.8112967807294448,2.4338903421883344,1.9833749879848512,0.8532569181050697,0.7349695846270272,0.054060425201709825,3.0
1.440062687E9,0.0,0.0,0.0,0.0,0.0,0.0,0.0,0.0,0.0,0.0,3.0,3.0,3.0,0.6,9.43488349130333E-72,9.43488349130333E-72,9.43488349130333E-72,1.8869766982606656E-72,0.8112967807294448,2.4338903421883344,1.9833749879848515,0.8532569181050697,0.7349695846270272,0.05406042520170982,3.0,0.8112967807294448,2.4338903421883344,1.9833749879848512,0.8532569181050697,0.7349695846270272,0.054060425201709825,3.0
1.440062688E9,0.0,0.0,0.0,0.0,0.0,0.0,0.0,0.0,0.0,0.0,3.0,3.0,3.0,0.6,9.43488349130333E-72,9.43488349130333E-72,9.43488349130333E-72,1.8869766982606656E-72,0.8112967807294448,2.4338903421883344,1.9833749879848515,0.8532569181050697,0.7349695846270272,0.05406042520170982,3.0,0.8112967807294448,2.4338903421883344,1.9833749879848512,0.8532569181050697,0.7349695846270272,0.054060425201709825,3.0
1.440062689E9,0.0,0.0,0.0,0.0,0.0,0.0,0.0,0.0,0.0,0.0,3.0,3.0,3.0,0.6,9.43488349130333E-72,9.43488349130333E-72,9.43488349130333E-72,1.8869766982606656E-72,0.8112967807294448,2.4338903421883344,1.9833749879848515,0.8532569181050697,0.7349695846270272,0.05406042520170982,3.0,0.8112967807294448,2.4338903421883344,1.9833749879848512,0.8532569181050697,0.7349695846270272,0.054060425201709825,3.0
1.44006269E9,0.0,0.0,0.0,0.0,0.0,0.0,0.0,0.0,0.0,0.0,3.0,3.0,3.0,0.6,9.43488349130333E-72,9.43488349130333E-72,9.43488349130333E-72,1.8869766982606656E-72,0.8112967807294448,2.4338903421883344,1.9833749879848515,0.8532569181050697,0.7349695846270272,0.05406042520170982,3.0,0.8112967807294448,2.4338903421883344,1.9833749879848512,0.8532569181050697,0.7349695846270272,0.054060425201709825,3.0
1.440062691E9,0.0,0.0,0.0,0.0,0.0,0.0,0.0,0.0,0.0,0.0,3.0,3.0,3.0,0.6,9.43488349130333E-72,9.43488349130333E-72,9.43488349130333E-72,1.8869766982606656E-72,0.8112967807294448,2.4338903421883344,1.9833749879848515,0.8532569181050697,0.7349695846270272,0.05406042520170982,3.0,0.8112967807294448,2.4338903421883344,1.9833749879848512,0.8532569181050697,0.7349695846270272,0.054060425201709825,3.0
1.440062692E9,0.0,0.0,0.0,0.0,0.0,0.0,0.0,0.0,0.0,0.0,3.0,3.0,3.0,0.6,9.43488349130333E-72,9.43488349130333E-72,9.43488349130333E-72,1.8869766982606656E-72,0.8112967807294448,2.4338903421883344,1.9833749879848515,0.8532569181050697,0.7349695846270272,0.05406042520170982,3.0,0.8112967807294448,2.4338903421883344,1.9833749879848512,0.8532569181050697,0.7349695846270272,0.054060425201709825,3.0
1.440062693E9,0.0,0.0,0.0,0.0,0.0,0.0,0.0,0.0,0.0,0.0,3.0,3.0,3.0,0.6,9.43488349130333E-72,9.43488349130333E-72,9.43488349130333E-72,1.8869766982606656E-72,0.8112967807294448,2.4338903421883344,1.9833749879848515,0.8532569181050697,0.7349695846270272,0.05406042520170982,3.0,0.8112967807294448,2.4338903421883344,1.9833749879848512,0.8532569181050697,0.7349695846270272,0.054060425201709825,3.0
1.440062694E9,0.0,0.0,0.0,0.0,0.0,0.0,0.0,0.0,0.0,0.0,3.0,3.0,3.0,0.6,9.43488349130333E-72,9.43488349130333E-72,9.43488349130333E-72,1.8869766982606656E-72,0.8112967807294448,2.4338903421883344,1.9833749879848515,0.8532569181050697,0.7349695846270272,0.05406042520170982,3.0,0.8112967807294448,2.4338903421883344,1.9833749879848512,0.8532569181050697,0.7349695846270272,0.054060425201709825,3.0
1.440062695E9,0.0,0.0,0.0,0.0,0.0,0.0,0.0,0.0,0.0,0.0,3.0,3.0,3.0,0.6,9.43488349130333E-72,9.43488349130333E-72,9.43488349130333E-72,1.8869766982606656E-72,0.8112967807294448,2.4338903421883344,1.9833749879848515,0.8532569181050697,0.7349695846270272,0.05406042520170982,3.0,0.8112967807294448,2.4338903421883344,1.9833749879848512,0.8532569181050697,0.7349695846270272,0.054060425201709825,3.0
1.440062696E9,0.0,0.0,0.0,0.0,0.0,0.0,0.0,0.0,0.0,0.0,3.0,3.0,3.0,0.6,9.43488349130333E-72,9.43488349130333E-72,9.43488349130333E-72,1.8869766982606656E-72,0.8112967807294448,2.4338903421883344,1.9833749879848515,0.8532569181050697,0.7349695846270272,0.05406042520170982,3.0,0.8112967807294448,2.4338903421883344,1.9833749879848512,0.8532569181050697,0.7349695846270272,0.054060425201709825,3.0
1.440062697E9,0.0,0.0,0.0,0.0,0.0,0.0,0.0,0.0,0.0,0.0,3.0,3.0,3.0,0.6,9.43488349130333E-72,9.43488349130333E-72,9.43488349130333E-72,1.8869766982606656E-72,0.8112967807294448,2.4338903421883344,1.9833749879848515,0.8532569181050697,0.7349695846270272,0.05406042520170982,3.0,0.8112967807294448,2.4338903421883344,1.9833749879848512,0.8532569181050697,0.7349695846270272,0.054060425201709825,3.0
1.440062698E9,0.0,0.0,0.0,0.0,0.0,0.0,0.0,0.0,0.0,0.0,3.0,3.0,3.0,0.6,9.43488349130333E-72,9.43488349130333E-72,9.43488349130333E-72,1.8869766982606656E-72,0.8112967807294448,2.4338903421883344,1.9833749879848515,0.8532569181050697,0.7349695846270272,0.05406042520170982,3.0,0.8112967807294448,2.4338903421883344,1.9833749879848512,0.8532569181050697,0.7349695846270272,0.054060425201709825,3.0
1.440062699E9,0.0,0.0,0.0,0.0,0.0,0.0,0.0,0.0,0.0,0.0,3.0,3.0,3.0,0.6,9.43488349130333E-72,9.43488349130333E-72,9.43488349130333E-72,1.8869766982606656E-72,0.8112967807294448,2.4338903421883344,1.9833749879848515,0.8532569181050697,0.7349695846270272,0.05406042520170982,3.0,0.8112967807294448,2.4338903421883344,1.9833749879848512,0.8532569181050697,0.7349695846270272,0.054060425201709825,3.0
1.4400627E9,0.0,0.0,0.0,0.0,0.0,0.0,0.0,0.0,0.0,0.0,3.0,3.0,3.0,0.6,9.43488349130333E-72,9.43488349130333E-72,9.43488349130333E-72,1.8869766982606656E-72,0.8112967807294448,2.4338903421883344,1.9833749879848515,0.8532569181050697,0.7349695846270272,0.05406042520170982,3.0,0.8112967807294448,2.4338903421883344,1.9833749879848512,0.8532569181050697,0.7349695846270272,0.054060425201709825,3.0
1.440062701E9,0.0,0.0,0.0,0.0,0.0,0.0,0.0,0.0,0.0,0.0,3.0,3.0,3.0,0.6,9.43488349130333E-72,9.43488349130333E-72,9.43488349130333E-72,1.8869766982606656E-72,0.8112967807294448,2.4338903421883344,1.9833749879848515,0.8532569181050697,0.7349695846270272,0.05406042520170982,3.0,0.8112967807294448,2.4338903421883344,1.9833749879848512,0.8532569181050697,0.7349695846270272,0.054060425201709825,3.0
1.440062702E9,0.0,0.0,0.0,0.0,0.0,0.0,0.0,0.0,0.0,0.0,3.0,3.0,3.0,0.6,9.43488349130333E-72,9.43488349130333E-72,9.43488349130333E-72,1.8869766982606656E-72,0.8112967807294448,2.4338903421883344,1.9833749879848515,0.8532569181050697,0.7349695846270272,0.05406042520170982,3.0,0.8112967807294448,2.4338903421883344,1.9833749879848512,0.8532569181050697,0.7349695846270272,0.054060425201709825,3.0
1.440062703E9,0.0,0.0,0.0,0.0,0.0,0.0,0.0,0.0,0.0,0.0,3.0,3.0,3.0,0.6,9.43488349130333E-72,9.43488349130333E-72,9.43488349130333E-72,1.8869766982606656E-72,0.8112967807294448,2.4338903421883344,1.9833749879848515,0.8532569181050697,0.7349695846270272,0.05406042520170982,3.0,0.8112967807294448,2.4338903421883344,1.9833749879848512,0.8532569181050697,0.7349695846270272,0.054060425201709825,3.0
1.440062704E9,0.0,0.0,0.0,0.0,0.0,0.0,0.0,0.0,0.0,0.0,3.0,3.0,3.0,0.6,9.43488349130333E-72,9.43488349130333E-72,9.43488349130333E-72,1.8869766982606656E-72,0.8112967807294448,2.4338903421883344,1.9833749879848515,0.8532569181050697,0.7349695846270272,0.05406042520170982,3.0,0.8112967807294448,2.4338903421883344,1.9833749879848512,0.8532569181050697,0.7349695846270272,0.054060425201709825,3.0
1.440062705E9,0.0,0.0,0.0,0.0,0.0,0.0,0.0,0.0,0.0,0.0,3.0,3.0,3.0,0.6,9.43488349130333E-72,9.43488349130333E-72,9.43488349130333E-72,1.8869766982606656E-72,0.8112967807294448,2.4338903421883344,1.9833749879848515,0.8532569181050697,0.7349695846270272,0.05406042520170982,3.0,0.8112967807294448,2.4338903421883344,1.9833749879848512,0.8532569181050697,0.7349695846270272,0.054060425201709825,3.0
1.440062706E9,0.0,0.0,0.0,0.0,0.0,0.0,0.0,0.0,0.0,0.0,3.0,3.0,3.0,0.6,9.43488349130333E-72,9.43488349130333E-72,9.43488349130333E-72,1.8869766982606656E-72,0.8112967807294448,2.4338903421883344,1.9833749879848515,0.8532569181050697,0.7349695846270272,0.05406042520170982,3.0,0.8112967807294448,2.4338903421883344,1.9833749879848512,0.8532569181050697,0.7349695846270272,0.054060425201709825,3.0
1.440062707E9,0.0,0.0,0.0,0.0,0.0,0.0,0.0,0.0,0.0,0.0,3.0,3.0,3.0,0.6,9.43488349130333E-72,9.43488349130333E-72,9.43488349130333E-72,1.8869766982606656E-72,0.8112967807294448,2.4338903421883344,1.9833749879848515,0.8532569181050697,0.7349695846270272,0.05406042520170982,3.0,0.8112967807294448,2.4338903421883344,1.9833749879848512,0.8532569181050697,0.7349695846270272,0.054060425201709825,3.0
1.440062708E9,0.0,0.0,0.0,2.0,0.0,2.0,0.0,0.0,2.0,0.0,3.0,3.0,3.0,0.6,9.43488349130333E-72,9.43488349130333E-72,9.43488349130333E-72,1.8869766982606656E-72,0.6151422284719618,1.845426685415885,1.464658684554557,0.8532569181050697,0.14650592785457797,0.33139040461174263,3.0,0.6151422284719616,1.845426685415885,1.464658684554557,0.8532569181050697,0.14650592785457797,0.3313904046117428,3.0
1.440062709E9,0.0,0.0,0.0,0.0,0.0,0.0,0.0,0.0,0.0,0.0,3.0,3.0,3.0,0.6,9.43488349130333E-72,9.43488349130333E-72,9.43488349130333E-72,1.2580219941898256E-72,0.5361184562917188,1.6083553688751564,1.232301832392065,0.8532569181050697,0.1424872485144023,0.3329413674757242,3.0,0.3780709119312329,1.1342127357936986,0.7675881280670808,0.8532569181050697,0.13444988983405104,0.3360432932036876,3.0
1.44006271E9,0.0,0.0,0.0,4.0,0.0,4.0,0.0,0.0,4.0,0.0,3.0,3.0,3.0,0.6,9.43488349130333E-72,9.43488349130333E-72,9.43488349130333E-72,1.8869766982606656E-72,0.12681485847743068,0.38044457543229204,0.049438772690296375,0.0994887577436628,0.0994887577436628,0.019939472563603254,3.0,0.1268148584774306,0.3804445754322918,0.04943877269029649,0.14650592785457797,0.09948875774366281,0.019939472563604732,3.0
1.440062711E9,0.0,0.0,0.0,0.0,0.0,0.0,0.0,0.0,0.0,0.0,3.0,3.0,3.0,0.6,9.43488349130333E-72,9.43488349130333E-72,9.43488349130333E-72,1.8869766982606656E-72,0.12681485847743068,0.38044457543229204,0.049438772690296375,0.0994887577436628,0.0994887577436628,0.019939472563603254,3.0,0.1268148584774306,0.3804445754322918,0.04943877269029649,0.14650592785457797,0.09948875774366281,0.019939472563604732,3.0
1.440062712E9,0.0,0.0,0.0,0.0,0.0,0.0,0.0,0.0,0.0,0.0,3.0,3.0,3.0,0.6,9.43488349130333E-72,9.43488349130333E-72,9.43488349130333E-72,1.8869766982606656E-72,0.12681485847743068,0.38044457543229204,0.049438772690296375,0.0994887577436628,0.0994887577436628,0.019939472563603254,3.0,0.1268148584774306,0.3804445754322918,0.04943877269029649,0.14650592785457797,0.09948875774366281,0.019939472563604732,3.0
1.440062713E9,0.0,0.0,0.0,0.0,0.0,0.0,0.0,0.0,0.0,0.0,3.0,3.0,3.0,0.6,9.43488349130333E-72,9.43488349130333E-72,9.43488349130333E-72,1.8869766982606656E-72,0.12681485847743068,0.38044457543229204,0.049438772690296375,0.0994887577436628,0.0994887577436628,0.019939472563603254,3.0,0.1268148584774306,0.3804445754322918,0.04943877269029649,0.14650592785457797,0.09948875774366281,0.019939472563604732,3.0
1.440062714E9,0.0,0.0,0.0,0.0,0.0,0.0,0.0,0.0,0.0,0.0,3.0,3.0,3.0,0.6,9.43488349130333E-72,9.43488349130333E-72,9.43488349130333E-72,1.8869766982606656E-72,0.12681485847743068,0.38044457543229204,0.049438772690296375,0.0994887577436628,0.0994887577436628,0.019939472563603254,3.0,0.1268148584774306,0.3804445754322918,0.04943877269029649,0.14650592785457797,0.09948875774366281,0.019939472563604732,3.0
1.440062715E9,0.0,0.0,0.0,0.0,0.0,0.0,0.0,0.0,0.0,0.0,3.0,3.0,3.0,0.6,9.43488349130333E-72,9.43488349130333E-72,9.43488349130333E-72,1.8869766982606656E-72,0.12681485847743068,0.38044457543229204,0.049438772690296375,0.0994887577436628,0.0994887577436628,0.019939472563603254,3.0,0.1268148584774306,0.3804445754322918,0.04943877269029649,0.14650592785457797,0.09948875774366281,0.019939472563604732,3.0
1.440062716E9,0.0,0.0,0.0,0.0,0.0,0.0,0.0,0.0,0.0,0.0,3.0,3.0,3.0,0.6,9.43488349130333E-72,9.43488349130333E-72,9.43488349130333E-72,1.8869766982606656E-72,0.12681485847743068,0.38044457543229204,0.049438772690296375,0.0994887577436628,0.0994887577436628,0.019939472563603254,3.0,0.1268148584774306,0.3804445754322918,0.04943877269029649,0.14650592785457797,0.09948875774366281,0.019939472563604732,3.0
1.440062717E9,0.0,0.0,0.0,0.0,0.0,0.0,0.0,0.0,0.0,0.0,3.0,3.0,3.0,0.6,9.43488349130333E-72,9.43488349130333E-72,9.43488349130333E-72,1.8869766982606656E-72,0.12681485847743068,0.38044457543229204,0.049438772690296375,0.0994887577436628,0.0994887577436628,0.019939472563603254,3.0,0.1268148584774306,0.3804445754322918,0.04943877269029649,0.14650592785457797,0.09948875774366281,0.019939472563604732,3.0
1.440062718E9,0.0,0.0,0.0,0.0,0.0,0.0,0.0,0.0,0.0,0.0,3.0,3.0,3.0,0.6,9.43488349130333E-72,9.43488349130333E-72,9.43488349130333E-72,1.8869766982606656E-72,0.12681485847743068,0.38044457543229204,0.049438772690296375,0.0994887577436628,0.0994887577436628,0.019939472563603254,3.0,0.1268148584774306,0.3804445754322918,0.04943877269029649,0.14650592785457797,0.09948875774366281,0.019939472563604732,3.0
1.440062719E9,0.0,0.0,0.0,0.0,0.0,0.0,0.0,0.0,0.0,0.0,3.0,3.0,3.0,0.6,9.43488349130333E-72,9.43488349130333E-72,9.43488349130333E-72,1.8869766982606656E-72,0.12681485847743068,0.38044457543229204,0.049438772690296375,0.0994887577436628,0.0994887577436628,0.019939472563603254,3.0,0.1268148584774306,0.3804445754322918,0.04943877269029649,0.14650592785457797,0.09948875774366281,0.019939472563604732,3.0
1.44006272E9,0.0,0.0,0.0,0.0,0.0,0.0,0.0,0.0,0.0,0.0,3.0,3.0,3.0,0.6,9.43488349130333E-72,9.43488349130333E-72,9.43488349130333E-72,1.8869766982606656E-72,0.12681485847743068,0.38044457543229204,0.049438772690296375,0.0994887577436628,0.0994887577436628,0.019939472563603254,3.0,0.1268148584774306,0.3804445754322918,0.04943877269029649,0.14650592785457797,0.09948875774366281,0.019939472563604732,3.0
1.440062721E9,0.0,0.0,0.0,0.0,0.0,0.0,0.0,0.0,0.0,0.0,3.0,3.0,3.0,0.6,9.43488349130333E-72,9.43488349130333E-72,9.43488349130333E-72,1.8869766982606656E-72,0.12681485847743068,0.38044457543229204,0.049438772690296375,0.0994887577436628,0.0994887577436628,0.019939472563603254,3.0,0.1268148584774306,0.3804445754322918,0.04943877269029649,0.14650592785457797,0.09948875774366281,0.019939472563604732,3.0
1.440062722E9,0.0,0.0,0.0,0.0,0.0,0.0,0.0,0.0,0.0,0.0,3.0,3.0,3.0,0.6,9.43488349130333E-72,9.43488349130333E-72,9.43488349130333E-72,1.8869766982606656E-72,0.12681485847743068,0.38044457543229204,0.049438772690296375,0.0994887577436628,0.0994887577436628,0.019939472563603254,3.0,0.1268148584774306,0.3804445754322918,0.04943877269029649,0.14650592785457797,0.09948875774366281,0.019939472563604732,3.0
1.440062723E9,0.0,0.0,0.0,0.0,0.0,0.0,0.0,0.0,0.0,0.0,3.0,3.0,3.0,0.6,9.43488349130333E-72,9.43488349130333E-72,9.43488349130333E-72,1.8869766982606656E-72,0.12681485847743068,0.38044457543229204,0.049438772690296375,0.0994887577436628,0.0994887577436628,0.019939472563603254,3.0,0.1268148584774306,0.3804445754322918,0.04943877269029649,0.14650592785457797,0.09948875774366281,0.019939472563604732,3.0
1.440062724E9,0.0,0.0,0.0,0.0,0.0,0.0,0.0,0.0,0.0,0.0,3.0,3.0,3.0,0.6,9.43488349130333E-72,9.43488349130333E-72,9.43488349130333E-72,1.8869766982606656E-72,0.12681485847743068,0.38044457543229204,0.049438772690296375,0.0994887577436628,0.0994887577436628,0.019939472563603254,3.0,0.1268148584774306,0.3804445754322918,0.04943877269029649,0.14650592785457797,0.09948875774366281,0.019939472563604732,3.0
1.440062725E9,0.0,0.0,0.0,0.0,0.0,0.0,0.0,0.0,0.0,0.0,3.0,3.0,3.0,0.6,9.43488349130333E-72,9.43488349130333E-72,9.43488349130333E-72,1.8869766982606656E-72,0.12681485847743068,0.38044457543229204,0.049438772690296375,0.0994887577436628,0.0994887577436628,0.019939472563603254,3.0,0.1268148584774306,0.3804445754322918,0.04943877269029649,0.14650592785457797,0.09948875774366281,0.019939472563604732,3.0
1.440062726E9,0.0,0.0,0.0,0.0,0.0,0.0,0.0,0.0,0.0,0.0,3.0,3.0,3.0,0.6,9.43488349130333E-72,9.43488349130333E-72,9.43488349130333E-72,1.8869766982606656E-72,0.12681485847743068,0.38044457543229204,0.049438772690296375,0.0994887577436628,0.0994887577436628,0.019939472563603254,3.0,0.1268148584774306,0.3804445754322918,0.04943877269029649,0.14650592785457797,0.09948875774366281,0.019939472563604732,3.0
1.440062727E9,0.0,0.0,0.0,0.0,0.0,0.0,0.0,0.0,0.0,0.0,3.0,3.0,3.0,0.6,9.43488349130333E-72,9.43488349130333E-72,9.43488349130333E-72,1.8869766982606656E-72,0.12681485847743068,0.38044457543229204,0.049438772690296375,0.0994887577436628,0.0994887577436628,0.019939472563603254,3.0,0.1268148584774306,0.3804445754322918,0.04943877269029649,0.14650592785457797,0.09948875774366281,0.019939472563604732,3.0
1.440062728E9,0.0,0.0,0.0,0.0,0.0,0.0,0.0,0.0,0.0,0.0,3.0,3.0,3.0,0.6,9.43488349130333E-72,9.43488349130333E-72,9.43488349130333E-72,1.8869766982606656E-72,0.12681485847743068,0.38044457543229204,0.049438772690296375,0.0994887577436628,0.0994887577436628,0.019939472563603254,3.0,0.1268148584774306,0.3804445754322918,0.04943877269029649,0.14650592785457797,0.09948875774366281,0.019939472563604732,3.0
1.440062729E9,0.0,0.0,0.0,0.0,0.0,0.0,0.0,0.0,0.0,0.0,3.0,3.0,3.0,0.6,9.43488349130333E-72,9.43488349130333E-72,9.43488349130333E-72,1.8869766982606656E-72,0.12681485847743068,0.38044457543229204,0.049438772690296375,0.0994887577436628,0.0994887577436628,0.019939472563603254,3.0,0.1268148584774306,0.3804445754322918,0.04943877269029649,0.14650592785457797,0.09948875774366281,0.019939472563604732,3.0
1.44006273E9,0.0,0.0,0.0,0.0,0.0,0.0,0.0,0.0,0.0,0.0,3.0,3.0,3.0,0.6,9.43488349130333E-72,9.43488349130333E-72,9.43488349130333E-72,1.8869766982606656E-72,0.12681485847743068,0.38044457543229204,0.049438772690296375,0.0994887577436628,0.0994887577436628,0.019939472563603254,3.0,0.1268148584774306,0.3804445754322918,0.04943877269029649,0.14650592785457797,0.09948875774366281,0.019939472563604732,3.0
1.440062731E9,0.0,0.0,0.0,0.0,0.0,0.0,0.0,0.0,0.0,0.0,3.0,3.0,3.0,0.6,9.43488349130333E-72,9.43488349130333E-72,9.43488349130333E-72,1.8869766982606656E-72,0.12681485847743068,0.38044457543229204,0.049438772690296375,0.0994887577436628,0.0994887577436628,0.019939472563603254,3.0,0.1268148584774306,0.3804445754322918,0.04943877269029649,0.14650592785457797,0.09948875774366281,0.019939472563604732,3.0
1.440062732E9,0.0,0.0,0.0,0.0,0.0,0.0,0.0,0.0,0.0,0.0,3.0,3.0,3.0,0.6,9.43488349130333E-72,9.43488349130333E-72,9.43488349130333E-72,1.8869766982606656E-72,0.12681485847743068,0.38044457543229204,0.049438772690296375,0.0994887577436628,0.0994887577436628,0.019939472563603254,3.0,0.1268148584774306,0.3804445754322918,0.04943877269029649,0.14650592785457797,0.09948875774366281,0.019939472563604732,3.0
1.440062733E9,0.0,0.0,0.0,0.0,0.0,0.0,0.0,0.0,0.0,0.0,3.0,3.0,3.0,0.6,9.43488349130333E-72,9.43488349130333E-72,9.43488349130333E-72,1.8869766982606656E-72,0.12681485847743068,0.38044457543229204,0.049438772690296375,0.0994887577436628,0.0994887577436628,0.019939472563603254,3.0,0.1268148584774306,0.3804445754322918,0.04943877269029649,0.14650592785457797,0.09948875774366281,0.019939472563604732,3.0
1.440062734E9,0.0,0.0,0.0,0.0,0.0,0.0,0.0,0.0,0.0,0.0,3.0,3.0,3.0,0.6,9.43488349130333E-72,9.43488349130333E-72,9.43488349130333E-72,1.8869766982606656E-72,0.12681485847743068,0.38044457543229204,0.049438772690296375,0.0994887577436628,0.0994887577436628,0.019939472563603254,3.0,0.1268148584774306,0.3804445754322918,0.04943877269029649,0.14650592785457797,0.09948875774366281,0.019939472563604732,3.0
1.440062735E9,0.0,0.0,0.0,0.0,0.0,0.0,0.0,0.0,0.0,0.0,3.0,3.0,3.0,0.6,9.43488349130333E-72,9.43488349130333E-72,9.43488349130333E-72,1.8869766982606656E-72,0.12681485847743068,0.38044457543229204,0.049438772690296375,0.0994887577436628,0.0994887577436628,0.019939472563603254,3.0,0.1268148584774306,0.3804445754322918,0.04943877269029649,0.14650592785457797,0.09948875774366281,0.019939472563604732,3.0
1.440062736E9,0.0,0.0,0.0,0.0,0.0,0.0,0.0,0.0,0.0,0.0,3.0,3.0,3.0,0.6,9.43488349130333E-72,9.43488349130333E-72,9.43488349130333E-72,1.8869766982606656E-72,0.12681485847743068,0.38044457543229204,0.049438772690296375,0.0994887577436628,0.0994887577436628,0.019939472563603254,3.0,0.1268148584774306,0.3804445754322918,0.04943877269029649,0.14650592785457797,0.09948875774366281,0.019939472563604732,3.0
1.440062737E9,0.0,0.0,0.0,0.0,0.0,0.0,0.0,0.0,0.0,0.0,3.0,3.0,3.0,0.6,9.43488349130333E-72,9.43488349130333E-72,9.43488349130333E-72,1.8869766982606656E-72,0.12681485847743068,0.38044457543229204,0.049438772690296375,0.0994887577436628,0.0994887577436628,0.019939472563603254,3.0,0.1268148584774306,0.3804445754322918,0.04943877269029649,0.14650592785457797,0.09948875774366281,0.019939472563604732,3.0
1.440062738E9,0.0,0.0,0.0,0.0,0.0,0.0,0.0,0.0,0.0,0.0,3.0,3.0,3.0,0.6,9.43488349130333E-72,9.43488349130333E-72,9.43488349130333E-72,1.8869766982606656E-72,0.12681485847743068,0.38044457543229204,0.049438772690296375,0.0994887577436628,0.0994887577436628,0.019939472563603254,3.0,0.1268148584774306,0.3804445754322918,0.04943877269029649,0.14650592785457797,0.09948875774366281,0.019939472563604732,3.0
1.440062739E9,0.0,0.0,0.0,0.0,0.0,0.0,0.0,0.0,0.0,0.0,3.0,3.0,3.0,0.6,9.43488349130333E-72,9.43488349130333E-72,9.43488349130333E-72,1.8869766982606656E-72,0.12681485847743068,0.38044457543229204,0.049438772690296375,0.0994887577436628,0.0994887577436628,0.019939472563603254,3.0,0.1268148584774306,0.3804445754322918,0.04943877269029649,0.14650592785457797,0.09948875774366281,0.019939472563604732,3.0
1.44006274E9,0.0,0.0,0.0,0.0,0.0,0.0,0.0,0.0,0.0,0.0,3.0,3.0,3.0,0.6,9.43488349130333E-72,9.43488349130333E-72,9.43488349130333E-72,1.8869766982606656E-72,0.12681485847743068,0.38044457543229204,0.049438772690296375,0.0994887577436628,0.0994887577436628,0.019939472563603254,3.0,0.1268148584774306,0.3804445754322918,0.04943877269029649,0.14650592785457797,0.09948875774366281,0.019939472563604732,3.0
1.440062741E9,0.0,0.0,0.0,0.0,0.0,0.0,0.0,0.0,0.0,0.0,3.0,3.0,3.0,0.6,9.43488349130333E-72,9.43488349130333E-72,9.43488349130333E-72,1.8869766982606656E-72,0.12681485847743068,0.38044457543229204,0.049438772690296375,0.0994887577436628,0.0994887577436628,0.019939472563603254,3.0,0.1268148584774306,0.3804445754322918,0.04943877269029649,0.14650592785457797,0.09948875774366281,0.019939472563604732,3.0
1.440062742E9,0.0,0.0,0.0,0.0,0.0,0.0,0.0,0.0,0.0,0.0,3.0,3.0,3.0,0.6,9.43488349130333E-72,9.43488349130333E-72,9.43488349130333E-72,1.8869766982606656E-72,0.12681485847743068,0.38044457543229204,0.049438772690296375,0.0994887577436628,0.0994887577436628,0.019939472563603254,3.0,0.1268148584774306,0.3804445754322918,0.04943877269029649,0.14650592785457797,0.09948875774366281,0.019939472563604732,3.0
1.440062743E9,0.0,0.0,0.0,0.0,0.0,0.0,0.0,0.0,0.0,0.0,3.0,3.0,3.0,0.6,9.43488349130333E-72,9.43488349130333E-72,9.43488349130333E-72,1.8869766982606656E-72,0.12681485847743068,0.38044457543229204,0.049438772690296375,0.0994887577436628,0.0994887577436628,0.019939472563603254,3.0,0.1268148584774306,0.3804445754322918,0.04943877269029649,0.14650592785457797,0.09948875774366281,0.019939472563604732,3.0
1.440062744E9,0.0,0.0,0.0,0.0,0.0,0.0,0.0,0.0,0.0,0.0,3.0,3.0,3.0,0.6,9.43488349130333E-72,9.43488349130333E-72,9.43488349130333E-72,1.8869766982606656E-72,0.12681485847743068,0.38044457543229204,0.049438772690296375,0.0994887577436628,0.0994887577436628,0.019939472563603254,3.0,0.1268148584774306,0.3804445754322918,0.04943877269029649,0.14650592785457797,0.09948875774366281,0.019939472563604732,3.0
1.440062745E9,0.0,0.0,0.0,0.0,0.0,0.0,0.0,0.0,0.0,0.0,3.0,3.0,3.0,0.6,9.43488349130333E-72,9.43488349130333E-72,9.43488349130333E-72,1.8869766982606656E-72,0.12681485847743068,0.38044457543229204,0.049438772690296375,0.0994887577436628,0.0994887577436628,0.019939472563603254,3.0,0.1268148584774306,0.3804445754322918,0.04943877269029649,0.14650592785457797,0.09948875774366281,0.019939472563604732,3.0
1.440062746E9,0.0,0.0,0.0,0.0,0.0,0.0,0.0,0.0,0.0,0.0,3.0,3.0,3.0,0.6,9.43488349130333E-72,9.43488349130333E-72,9.43488349130333E-72,1.8869766982606656E-72,0.12681485847743068,0.38044457543229204,0.049438772690296375,0.0994887577436628,0.0994887577436628,0.019939472563603254,3.0,0.1268148584774306,0.3804445754322918,0.04943877269029649,0.14650592785457797,0.09948875774366281,0.019939472563604732,3.0
1.440062747E9,0.0,0.0,0.0,0.0,0.0,0.0,0.0,0.0,0.0,0.0,3.0,3.0,3.0,0.6,9.43488349130333E-72,9.43488349130333E-72,9.43488349130333E-72,1.8869766982606656E-72,0.12681485847743068,0.38044457543229204,0.049438772690296375,0.0994887577436628,0.0994887577436628,0.019939472563603254,3.0,0.1268148584774306,0.3804445754322918,0.04943877269029649,0.14650592785457797,0.09948875774366281,0.019939472563604732,3.0
1.440062748E9,0.0,0.0,0.0,0.0,0.0,0.0,0.0,0.0,0.0,0.0,3.0,3.0,3.0,0.6,9.43488349130333E-72,9.43488349130333E-72,9.43488349130333E-72,1.8869766982606656E-72,0.12681485847743068,0.38044457543229204,0.049438772690296375,0.0994887577436628,0.0994887577436628,0.019939472563603254,3.0,0.1268148584774306,0.3804445754322918,0.04943877269029649,0.14650592785457797,0.09948875774366281,0.019939472563604732,3.0
1.440062749E9,0.0,0.0,0.0,0.0,0.0,0.0,0.0,0.0,0.0,0.0,3.0,3.0,3.0,0.6,9.43488349130333E-72,9.43488349130333E-72,9.43488349130333E-72,1.8869766982606656E-72,0.12681485847743068,0.38044457543229204,0.049438772690296375,0.0994887577436628,0.0994887577436628,0.019939472563603254,3.0,0.1268148584774306,0.3804445754322918,0.04943877269029649,0.14650592785457797,0.09948875774366281,0.019939472563604732,3.0
1.44006275E9,0.0,0.0,0.0,0.0,0.0,0.0,0.0,0.0,0.0,0.0,3.0,3.0,3.0,0.6,9.43488349130333E-72,9.43488349130333E-72,9.43488349130333E-72,1.8869766982606656E-72,0.12681485847743068,0.38044457543229204,0.049438772690296375,0.0994887577436628,0.0994887577436628,0.019939472563603254,3.0,0.1268148584774306,0.3804445754322918,0.04943877269029649,0.14650592785457797,0.09948875774366281,0.019939472563604732,3.0
1.440062751E9,0.0,0.0,0.0,0.0,0.0,0.0,0.0,0.0,0.0,0.0,3.0,3.0,3.0,0.6,9.43488349130333E-72,9.43488349130333E-72,9.43488349130333E-72,1.8869766982606656E-72,0.12681485847743068,0.38044457543229204,0.049438772690296375,0.0994887577436628,0.0994887577436628,0.019939472563603254,3.0,0.1268148584774306,0.3804445754322918,0.04943877269029649,0.14650592785457797,0.09948875774366281,0.019939472563604732,3.0
1.440062752E9,0.0,0.0,0.0,0.0,0.0,0.0,0.0,0.0,0.0,0.0,3.0,3.0,3.0,0.6,9.43488349130333E-72,9.43488349130333E-72,9.43488349130333E-72,1.8869766982606656E-72,0.12681485847743068,0.38044457543229204,0.049438772690296375,0.0994887577436628,0.0994887577436628,0.019939472563603254,3.0,0.1268148584774306,0.3804445754322918,0.04943877269029649,0.14650592785457797,0.09948875774366281,0.019939472563604732,3.0
1.440062753E9,0.0,0.0,0.0,0.0,0.0,0.0,0.0,0.0,0.0,0.0,3.0,3.0,3.0,0.6,9.43488349130333E-72,9.43488349130333E-72,9.43488349130333E-72,1.8869766982606656E-72,0.12681485847743068,0.38044457543229204,0.049438772690296375,0.0994887577436628,0.0994887577436628,0.019939472563603254,3.0,0.1268148584774306,0.3804445754322918,0.04943877269029649,0.14650592785457797,0.09948875774366281,0.019939472563604732,3.0
1.440062754E9,0.0,0.0,0.0,0.0,0.0,0.0,0.0,0.0,0.0,0.0,3.0,3.0,3.0,0.6,9.43488349130333E-72,9.43488349130333E-72,9.43488349130333E-72,1.8869766982606656E-72,0.12681485847743068,0.38044457543229204,0.049438772690296375,0.0994887577436628,0.0994887577436628,0.019939472563603254,3.0,0.1268148584774306,0.3804445754322918,0.04943877269029649,0.14650592785457797,0.09948875774366281,0.019939472563604732,3.0
1.440062755E9,0.0,0.0,0.0,0.0,0.0,0.0,0.0,0.0,0.0,0.0,3.0,3.0,3.0,0.6,9.43488349130333E-72,9.43488349130333E-72,9.43488349130333E-72,1.8869766982606656E-72,0.12681485847743068,0.38044457543229204,0.049438772690296375,0.0994887577436628,0.0994887577436628,0.019939472563603254,3.0,0.1268148584774306,0.3804445754322918,0.04943877269029649,0.14650592785457797,0.09948875774366281,0.019939472563604732,3.0
1.440062756E9,0.0,0.0,0.0,0.0,0.0,0.0,0.0,0.0,0.0,0.0,3.0,3.0,3.0,0.6,9.43488349130333E-72,9.43488349130333E-72,9.43488349130333E-72,1.8869766982606656E-72,0.12681485847743068,0.38044457543229204,0.049438772690296375,0.0994887577436628,0.0994887577436628,0.019939472563603254,3.0,0.1268148584774306,0.3804445754322918,0.04943877269029649,0.14650592785457797,0.09948875774366281,0.019939472563604732,3.0
1.440062757E9,0.0,0.0,0.0,0.0,0.0,0.0,0.0,0.0,0.0,0.0,3.0,3.0,3.0,0.6,9.43488349130333E-72,9.43488349130333E-72,9.43488349130333E-72,1.8869766982606656E-72,0.12681485847743068,0.38044457543229204,0.049438772690296375,0.0994887577436628,0.0994887577436628,0.019939472563603254,3.0,0.1268148584774306,0.3804445754322918,0.04943877269029649,0.14650592785457797,0.09948875774366281,0.019939472563604732,3.0
1.440062758E9,0.0,0.0,0.0,0.0,0.0,0.0,0.0,0.0,0.0,0.0,3.0,3.0,3.0,0.6,9.43488349130333E-72,9.43488349130333E-72,9.43488349130333E-72,1.8869766982606656E-72,0.12681485847743068,0.38044457543229204,0.049438772690296375,0.0994887577436628,0.0994887577436628,0.019939472563603254,3.0,0.1268148584774306,0.3804445754322918,0.04943877269029649,0.14650592785457797,0.09948875774366281,0.019939472563604732,3.0
1.440062759E9,0.0,0.0,0.0,0.0,0.0,0.0,0.0,0.0,0.0,0.0,3.0,3.0,3.0,0.6,9.43488349130333E-72,9.43488349130333E-72,9.43488349130333E-72,1.8869766982606656E-72,0.12681485847743068,0.38044457543229204,0.049438772690296375,0.0994887577436628,0.0994887577436628,0.019939472563603254,3.0,0.1268148584774306,0.3804445754322918,0.04943877269029649,0.14650592785457797,0.09948875774366281,0.019939472563604732,3.0
1.44006276E9,0.0,0.0,0.0,0.0,0.0,0.0,0.0,0.0,0.0,0.0,3.0,3.0,3.0,0.6,9.43488349130333E-72,9.43488349130333E-72,9.43488349130333E-72,1.8869766982606656E-72,0.12681485847743068,0.38044457543229204,0.049438772690296375,0.0994887577436628,0.0994887577436628,0.019939472563603254,3.0,0.1268148584774306,0.3804445754322918,0.04943877269029649,0.14650592785457797,0.09948875774366281,0.019939472563604732,3.0
1.440062761E9,0.0,0.0,0.0,0.0,0.0,0.0,0.0,0.0,0.0,0.0,3.0,3.0,3.0,0.6,9.43488349130333E-72,9.43488349130333E-72,9.43488349130333E-72,1.8869766982606656E-72,0.12681485847743068,0.38044457543229204,0.049438772690296375,0.0994887577436628,0.0994887577436628,0.019939472563603254,3.0,0.1268148584774306,0.3804445754322918,0.04943877269029649,0.14650592785457797,0.09948875774366281,0.019939472563604732,3.0
1.440062762E9,0.0,0.0,0.0,0.0,0.0,0.0,0.0,0.0,0.0,0.0,3.0,3.0,3.0,0.6,9.43488349130333E-72,9.43488349130333E-72,9.43488349130333E-72,1.8869766982606656E-72,0.12681485847743068,0.38044457543229204,0.049438772690296375,0.0994887577436628,0.0994887577436628,0.019939472563603254,3.0,0.1268148584774306,0.3804445754322918,0.04943877269029649,0.14650592785457797,0.09948875774366281,0.019939472563604732,3.0
1.440062763E9,0.0,0.0,0.0,0.0,0.0,0.0,0.0,0.0,0.0,0.0,3.0,3.0,3.0,0.6,9.43488349130333E-72,9.43488349130333E-72,9.43488349130333E-72,1.8869766982606656E-72,0.12681485847743068,0.38044457543229204,0.049438772690296375,0.0994887577436628,0.0994887577436628,0.019939472563603254,3.0,0.1268148584774306,0.3804445754322918,0.04943877269029649,0.14650592785457797,0.09948875774366281,0.019939472563604732,3.0
1.440062764E9,0.0,0.0,0.0,0.0,0.0,0.0,0.0,0.0,0.0,0.0,3.0,3.0,3.0,0.6,9.43488349130333E-72,9.43488349130333E-72,9.43488349130333E-72,1.8869766982606656E-72,0.12681485847743068,0.38044457543229204,0.049438772690296375,0.0994887577436628,0.0994887577436628,0.019939472563603254,3.0,0.1268148584774306,0.3804445754322918,0.04943877269029649,0.14650592785457797,0.09948875774366281,0.019939472563604732,3.0
1.440062765E9,0.0,0.0,0.0,0.0,0.0,0.0,0.0,0.0,0.0,0.0,3.0,3.0,3.0,0.6,9.43488349130333E-72,9.43488349130333E-72,9.43488349130333E-72,1.8869766982606656E-72,0.12681485847743068,0.38044457543229204,0.049438772690296375,0.0994887577436628,0.0994887577436628,0.019939472563603254,3.0,0.1268148584774306,0.3804445754322918,0.04943877269029649,0.14650592785457797,0.09948875774366281,0.019939472563604732,3.0
1.440062766E9,0.0,0.0,0.0,0.0,0.0,0.0,0.0,0.0,0.0,0.0,3.0,3.0,3.0,0.6,9.43488349130333E-72,9.43488349130333E-72,9.43488349130333E-72,1.8869766982606656E-72,0.12681485847743068,0.38044457543229204,0.049438772690296375,0.0994887577436628,0.0994887577436628,0.019939472563603254,3.0,0.1268148584774306,0.3804445754322918,0.04943877269029649,0.14650592785457797,0.09948875774366281,0.019939472563604732,3.0
1.440062767E9,0.0,0.0,0.0,0.0,0.0,0.0,0.0,0.0,0.0,0.0,3.0,3.0,3.0,0.6,9.43488349130333E-72,9.43488349130333E-72,9.43488349130333E-72,1.8869766982606656E-72,0.12681485847743068,0.38044457543229204,0.049438772690296375,0.0994887577436628,0.0994887577436628,0.019939472563603254,3.0,0.1268148584774306,0.3804445754322918,0.04943877269029649,0.14650592785457797,0.09948875774366281,0.019939472563604732,3.0
1.440062768E9,0.0,0.0,0.0,0.0,0.0,0.0,0.0,0.0,0.0,0.0,3.0,3.0,3.0,0.6,9.43488349130333E-72,9.43488349130333E-72,9.43488349130333E-72,1.8869766982606656E-72,0.12681485847743068,0.38044457543229204,0.049438772690296375,0.0994887577436628,0.0994887577436628,0.019939472563603254,3.0,0.1268148584774306,0.3804445754322918,0.04943877269029649,0.14650592785457797,0.09948875774366281,0.019939472563604732,3.0
1.440062769E9,0.0,0.0,0.0,0.0,0.0,0.0,0.0,0.0,0.0,0.0,3.0,3.0,3.0,0.6,9.43488349130333E-72,9.43488349130333E-72,9.43488349130333E-72,1.8869766982606656E-72,0.12681485847743068,0.38044457543229204,0.049438772690296375,0.0994887577436628,0.0994887577436628,0.019939472563603254,3.0,0.1268148584774306,0.3804445754322918,0.04943877269029649,0.14650592785457797,0.09948875774366281,0.019939472563604732,3.0
1.44006277E9,0.0,0.0,0.0,0.0,0.0,0.0,0.0,0.0,0.0,0.0,3.0,3.0,3.0,0.6,9.43488349130333E-72,9.43488349130333E-72,9.43488349130333E-72,1.8869766982606656E-72,0.12681485847743068,0.38044457543229204,0.049438772690296375,0.0994887577436628,0.0994887577436628,0.019939472563603254,3.0,0.1268148584774306,0.3804445754322918,0.04943877269029649,0.14650592785457797,0.09948875774366281,0.019939472563604732,3.0
1.440062771E9,0.0,0.0,0.0,0.0,0.0,0.0,0.0,0.0,0.0,0.0,3.0,3.0,3.0,0.6,9.43488349130333E-72,9.43488349130333E-72,9.43488349130333E-72,1.8869766982606656E-72,0.12681485847743068,0.38044457543229204,0.049438772690296375,0.0994887577436628,0.0994887577436628,0.019939472563603254,3.0,0.1268148584774306,0.3804445754322918,0.04943877269029649,0.14650592785457797,0.09948875774366281,0.019939472563604732,3.0
1.440062772E9,0.0,0.0,0.0,0.0,0.0,0.0,0.0,0.0,0.0,0.0,3.0,3.0,3.0,0.6,9.43488349130333E-72,9.43488349130333E-72,9.43488349130333E-72,1.8869766982606656E-72,0.12681485847743068,0.38044457543229204,0.049438772690296375,0.0994887577436628,0.0994887577436628,0.019939472563603254,3.0,0.1268148584774306,0.3804445754322918,0.04943877269029649,0.14650592785457797,0.09948875774366281,0.019939472563604732,3.0
1.440062773E9,0.0,0.0,0.0,0.0,0.0,0.0,0.0,0.0,0.0,0.0,3.0,3.0,3.0,0.6,9.43488349130333E-72,9.43488349130333E-72,9.43488349130333E-72,1.8869766982606656E-72,0.12681485847743068,0.38044457543229204,0.049438772690296375,0.0994887577436628,0.0994887577436628,0.019939472563603254,3.0,0.1268148584774306,0.3804445754322918,0.04943877269029649,0.14650592785457797,0.09948875774366281,0.019939472563604732,3.0
1.440062774E9,0.0,0.0,0.0,0.0,0.0,0.0,0.0,0.0,0.0,0.0,3.0,3.0,3.0,0.6,9.43488349130333E-72,9.43488349130333E-72,9.43488349130333E-72,1.8869766982606656E-72,0.12681485847743068,0.38044457543229204,0.049438772690296375,0.0994887577436628,0.0994887577436628,0.019939472563603254,3.0,0.1268148584774306,0.3804445754322918,0.04943877269029649,0.14650592785457797,0.09948875774366281,0.019939472563604732,3.0
1.440062775E9,0.0,0.0,0.0,0.0,0.0,0.0,0.0,0.0,0.0,0.0,3.0,3.0,3.0,0.6,9.43488349130333E-72,9.43488349130333E-72,9.43488349130333E-72,1.8869766982606656E-72,0.12681485847743068,0.38044457543229204,0.049438772690296375,0.0994887577436628,0.0994887577436628,0.019939472563603254,3.0,0.1268148584774306,0.3804445754322918,0.04943877269029649,0.14650592785457797,0.09948875774366281,0.019939472563604732,3.0
1.440062776E9,0.0,0.0,0.0,0.0,0.0,0.0,0.0,0.0,0.0,0.0,3.0,3.0,3.0,0.6,9.43488349130333E-72,9.43488349130333E-72,9.43488349130333E-72,1.8869766982606656E-72,0.12681485847743068,0.38044457543229204,0.049438772690296375,0.0994887577436628,0.0994887577436628,0.019939472563603254,3.0,0.1268148584774306,0.3804445754322918,0.04943877269029649,0.14650592785457797,0.09948875774366281,0.019939472563604732,3.0
1.440062777E9,0.0,0.0,0.0,0.0,0.0,0.0,0.0,0.0,0.0,0.0,3.0,3.0,3.0,0.6,9.43488349130333E-72,9.43488349130333E-72,9.43488349130333E-72,1.8869766982606656E-72,0.12681485847743068,0.38044457543229204,0.049438772690296375,0.0994887577436628,0.0994887577436628,0.019939472563603254,3.0,0.1268148584774306,0.3804445754322918,0.04943877269029649,0.14650592785457797,0.09948875774366281,0.019939472563604732,3.0
1.440062778E9,0.0,0.0,0.0,0.0,0.0,0.0,0.0,0.0,0.0,0.0,3.0,3.0,3.0,0.6,9.43488349130333E-72,9.43488349130333E-72,9.43488349130333E-72,1.8869766982606656E-72,0.12681485847743068,0.38044457543229204,0.049438772690296375,0.0994887577436628,0.0994887577436628,0.019939472563603254,3.0,0.1268148584774306,0.3804445754322918,0.04943877269029649,0.14650592785457797,0.09948875774366281,0.019939472563604732,3.0
1.440062779E9,0.0,0.0,0.0,0.0,0.0,0.0,0.0,0.0,0.0,0.0,3.0,3.0,3.0,0.6,9.43488349130333E-72,9.43488349130333E-72,9.43488349130333E-72,1.8869766982606656E-72,0.12681485847743068,0.38044457543229204,0.049438772690296375,0.0994887577436628,0.0994887577436628,0.019939472563603254,3.0,0.1268148584774306,0.3804445754322918,0.04943877269029649,0.14650592785457797,0.09948875774366281,0.019939472563604732,3.0
1.44006278E9,0.0,0.0,0.0,0.0,0.0,0.0,0.0,0.0,0.0,0.0,3.0,3.0,3.0,0.6,9.43488349130333E-72,9.43488349130333E-72,9.43488349130333E-72,1.8869766982606656E-72,0.12681485847743068,0.38044457543229204,0.049438772690296375,0.0994887577436628,0.0994887577436628,0.019939472563603254,3.0,0.1268148584774306,0.3804445754322918,0.04943877269029649,0.14650592785457797,0.09948875774366281,0.019939472563604732,3.0
1.440062781E9,0.0,0.0,0.0,0.0,0.0,0.0,0.0,0.0,0.0,0.0,3.0,3.0,3.0,0.6,9.43488349130333E-72,9.43488349130333E-72,9.43488349130333E-72,1.8869766982606656E-72,0.12681485847743068,0.38044457543229204,0.049438772690296375,0.0994887577436628,0.0994887577436628,0.019939472563603254,3.0,0.1268148584774306,0.3804445754322918,0.04943877269029649,0.14650592785457797,0.09948875774366281,0.019939472563604732,3.0
1.440062782E9,0.0,0.0,0.0,0.0,0.0,0.0,0.0,0.0,0.0,0.0,3.0,3.0,3.0,0.6,9.43488349130333E-72,9.43488349130333E-72,9.43488349130333E-72,1.8869766982606656E-72,0.12681485847743068,0.38044457543229204,0.049438772690296375,0.0994887577436628,0.0994887577436628,0.019939472563603254,3.0,0.1268148584774306,0.3804445754322918,0.04943877269029649,0.14650592785457797,0.09948875774366281,0.019939472563604732,3.0
1.440062783E9,0.0,0.0,0.0,0.0,0.0,0.0,0.0,0.0,0.0,0.0,3.0,3.0,3.0,0.6,9.43488349130333E-72,9.43488349130333E-72,9.43488349130333E-72,1.8869766982606656E-72,0.12681485847743068,0.38044457543229204,0.049438772690296375,0.0994887577436628,0.0994887577436628,0.019939472563603254,3.0,0.1268148584774306,0.3804445754322918,0.04943877269029649,0.14650592785457797,0.09948875774366281,0.019939472563604732,3.0
1.440062784E9,0.0,0.0,0.0,0.0,0.0,0.0,0.0,0.0,0.0,0.0,3.0,3.0,3.0,0.6,9.43488349130333E-72,9.43488349130333E-72,9.43488349130333E-72,1.8869766982606656E-72,0.12681485847743068,0.38044457543229204,0.049438772690296375,0.0994887577436628,0.0994887577436628,0.019939472563603254,3.0,0.1268148584774306,0.3804445754322918,0.04943877269029649,0.14650592785457797,0.09948875774366281,0.019939472563604732,3.0
1.440062785E9,0.0,0.0,0.0,0.0,0.0,0.0,0.0,0.0,0.0,0.0,3.0,3.0,3.0,0.6,9.43488349130333E-72,9.43488349130333E-72,9.43488349130333E-72,1.8869766982606656E-72,0.12681485847743068,0.38044457543229204,0.049438772690296375,0.0994887577436628,0.0994887577436628,0.019939472563603254,3.0,0.1268148584774306,0.3804445754322918,0.04943877269029649,0.14650592785457797,0.09948875774366281,0.019939472563604732,3.0
1.440062786E9,0.0,0.0,0.0,0.0,0.0,0.0,0.0,0.0,0.0,0.0,3.0,3.0,3.0,0.6,9.43488349130333E-72,9.43488349130333E-72,9.43488349130333E-72,1.8869766982606656E-72,0.12681485847743068,0.38044457543229204,0.049438772690296375,0.0994887577436628,0.0994887577436628,0.019939472563603254,3.0,0.1268148584774306,0.3804445754322918,0.04943877269029649,0.14650592785457797,0.09948875774366281,0.019939472563604732,3.0
1.440062787E9,0.0,0.0,0.0,0.0,0.0,0.0,0.0,0.0,0.0,0.0,3.0,3.0,3.0,0.6,9.43488349130333E-72,9.43488349130333E-72,9.43488349130333E-72,1.8869766982606656E-72,0.12681485847743068,0.38044457543229204,0.049438772690296375,0.0994887577436628,0.0994887577436628,0.019939472563603254,3.0,0.1268148584774306,0.3804445754322918,0.04943877269029649,0.14650592785457797,0.09948875774366281,0.019939472563604732,3.0
1.440062788E9,0.0,0.0,0.0,0.0,0.0,0.0,0.0,0.0,0.0,0.0,3.0,3.0,3.0,0.6,9.43488349130333E-72,9.43488349130333E-72,9.43488349130333E-72,1.8869766982606656E-72,0.12681485847743068,0.38044457543229204,0.049438772690296375,0.0994887577436628,0.0994887577436628,0.019939472563603254,3.0,0.1268148584774306,0.3804445754322918,0.04943877269029649,0.14650592785457797,0.09948875774366281,0.019939472563604732,3.0
1.440062789E9,0.0,0.0,0.0,0.0,0.0,0.0,0.0,0.0,0.0,0.0,3.0,3.0,3.0,0.6,9.43488349130333E-72,9.43488349130333E-72,9.43488349130333E-72,1.8869766982606656E-72,0.12681485847743068,0.38044457543229204,0.049438772690296375,0.0994887577436628,0.0994887577436628,0.019939472563603254,3.0,0.1268148584774306,0.3804445754322918,0.04943877269029649,0.14650592785457797,0.09948875774366281,0.019939472563604732,3.0
1.44006279E9,0.0,0.0,0.0,0.0,0.0,0.0,0.0,0.0,0.0,0.0,3.0,3.0,3.0,0.6,9.43488349130333E-72,9.43488349130333E-72,9.43488349130333E-72,1.8869766982606656E-72,0.12681485847743068,0.38044457543229204,0.049438772690296375,0.0994887577436628,0.0994887577436628,0.019939472563603254,3.0,0.1268148584774306,0.3804445754322918,0.04943877269029649,0.14650592785457797,0.09948875774366281,0.019939472563604732,3.0
1.440062791E9,0.0,0.0,0.0,0.0,0.0,0.0,0.0,0.0,0.0,0.0,3.0,3.0,3.0,0.6,9.43488349130333E-72,9.43488349130333E-72,9.43488349130333E-72,1.8869766982606656E-72,0.12681485847743068,0.38044457543229204,0.049438772690296375,0.0994887577436628,0.0994887577436628,0.019939472563603254,3.0,0.1268148584774306,0.3804445754322918,0.04943877269029649,0.14650592785457797,0.09948875774366281,0.019939472563604732,3.0
1.440062792E9,0.0,0.0,0.0,0.0,0.0,0.0,0.0,0.0,0.0,0.0,3.0,3.0,3.0,0.6,9.43488349130333E-72,9.43488349130333E-72,9.43488349130333E-72,1.8869766982606656E-72,0.12681485847743068,0.38044457543229204,0.049438772690296375,0.0994887577436628,0.0994887577436628,0.019939472563603254,3.0,0.1268148584774306,0.3804445754322918,0.04943877269029649,0.14650592785457797,0.09948875774366281,0.019939472563604732,3.0
1.440062793E9,0.0,0.0,0.0,0.0,0.0,0.0,0.0,0.0,0.0,0.0,3.0,3.0,3.0,0.6,9.43488349130333E-72,9.43488349130333E-72,9.43488349130333E-72,1.8869766982606656E-72,0.12681485847743068,0.38044457543229204,0.049438772690296375,0.0994887577436628,0.0994887577436628,0.019939472563603254,3.0,0.1268148584774306,0.3804445754322918,0.04943877269029649,0.14650592785457797,0.09948875774366281,0.019939472563604732,3.0
